0 0.466429 0.264167 0.0442857 0.0183333 0.366533
0 0.475 0.269167 0.05 0.0183333 0.393217
0 0.404286 0.193333 0.0342857 0.0133333 0.551375
0 0.461429 0.248333 0.0457143 0.0166667 0.676683
0 0.435 0.220833 0.05 0.0183333 0.770493
0 0.483571 0.286667 0.05 0.02 0.8005
0 0.594286 0.843333 0.151429 0.113333 0.814084
0 0.507143 0.398333 0.0628571 0.0333333 0.831476
0 0.575 0.704167 0.13 0.0983333 0.832403
0 0.585714 0.4 0.0714286 0.0333333 0.835621
0 0.655 0.566667 0.104286 0.0633333 0.847319
0 0.490714 0.321667 0.0671429 0.0266667 0.860767
0 0.567143 0.590833 0.111429 0.075 0.904105
0 0.531429 0.454167 0.08 0.045 0.908121
0 0.535714 0.518333 0.0914286 0.0533333 0.924352
