0 0.335938 0.538333 0.0290179 0.0233333 0.250018
0 0.391183 0.786667 0.0078125 0.01 0.251712
0 0.543527 0.410833 0.0245536 0.025 0.259158
0 0.0675223 0.244167 0.0078125 0.0116667 0.26217
0 0.970982 0.650833 0.00669643 0.00833333 0.264855
0 0.0273438 0.250833 0.0078125 0.00833333 0.265752
0 0.413504 0.729167 0.0078125 0.00833333 0.273253
0 0.497768 0.2225 0.0133929 0.0116667 0.277664
0 0.300781 0.815 0.0078125 0.01 0.278002
0 0.839844 0.7025 0.0078125 0.00833333 0.28038
0 0.478795 0.741667 0.00892857 0.01 0.284579
0 0.878348 0.689167 0.00669643 0.00833333 0.295009
0 0.736607 0.2125 0.015625 0.0216667 0.308855
0 0.720424 0.24 0.0167411 0.0233333 0.312478
0 0.159598 0.229167 0.0200893 0.015 0.317369
0 0.404576 0.233333 0.0122768 0.0133333 0.317694
0 0.481027 0.2075 0.0111607 0.0116667 0.324755
0 0.0518973 0.844167 0.0078125 0.0116667 0.326792
0 0.414062 0.7625 0.00669643 0.00833333 0.327362
0 0.108259 0.234167 0.0111607 0.015 0.331036
0 0.0831473 0.466667 0.0078125 0.01 0.334647
0 0.149554 0.845833 0.00892857 0.0116667 0.336659
0 0.393415 0.79 0.0078125 0.01 0.337892
0 0.801897 0.715833 0.0078125 0.00833333 0.33858
0 0.241071 0.8375 0.00669643 0.00833333 0.340996
0 0.0295759 0.2475 0.0078125 0.00833333 0.343545
0 0.516183 0.2175 0.0122768 0.0116667 0.349145
0 0.117188 0.763333 0.00669643 0.01 0.34934
0 0.465402 0.770833 0.00669643 0.00833333 0.349789
0 0.49442 0.208333 0.0111607 0.0133333 0.361196
0 0.273438 0.826667 0.00892857 0.01 0.361271
0 0.0513393 0.454167 0.00669643 0.00833333 0.362898
0 0.759487 0.763333 0.0078125 0.01 0.36331
0 0.112723 0.7875 0.00892857 0.0116667 0.364241
0 0.43192 0.784167 0.00669643 0.00833333 0.365876
0 0.286272 0.791667 0.0078125 0.01 0.367808
0 0.41183 0.486667 0.0245536 0.0233333 0.373309
0 0.179688 0.23 0.0178571 0.0166667 0.375726
0 0.297991 0.815833 0.00892857 0.00833333 0.37763
0 0.523438 0.423333 0.0290179 0.0266667 0.378917
0 0.439174 0.473333 0.0279018 0.0233333 0.378944
0 0.321429 0.548333 0.0223214 0.02 0.382966
0 0.353795 0.771667 0.00892857 0.01 0.383679
0 0.259487 0.803333 0.0078125 0.01 0.384842
0 0.359375 0.526667 0.0290179 0.03 0.385082
0 0.0212054 0.479167 0.00669643 0.00833333 0.390135
0 0.702567 0.7975 0.0078125 0.0116667 0.401938
0 0.649554 0.7725 0.00669643 0.0116667 0.403428
0 0.180246 0.835 0.0078125 0.01 0.409114
0 0.944196 0.663333 0.00669643 0.00666667 0.409547
0 0.768973 0.724167 0.00669643 0.00833333 0.413859
0 0.286272 0.575833 0.0390625 0.0283333 0.422406
0 0.209821 0.841667 0.00669643 0.01 0.435086
0 0.732701 0.22 0.0145089 0.02 0.450836
0 0.276228 0.591667 0.0279018 0.03 0.452283
0 0.227679 0.805 0.00892857 0.01 0.461465
0 0.199219 0.803333 0.0078125 0.01 0.46706
0 0.447545 0.751667 0.00892857 0.01 0.468435
0 0.0814732 0.826667 0.0111607 0.0133333 0.470488
0 0.595424 0.78 0.0078125 0.01 0.47178
0 0.327009 0.779167 0.00892857 0.0116667 0.472314
0 0.610491 0.940833 0.00892857 0.0116667 0.47658
0 0.0245536 0.790833 0.00892857 0.0116667 0.482107
0 0.702567 0.291667 0.0189732 0.0266667 0.489873
0 0.819196 0.846667 0.00892857 0.0133333 0.495697
0 0.731585 0.736667 0.0078125 0.01 0.49715
0 0.623884 0.768333 0.00892857 0.01 0.498097
0 0.589844 0.96 0.0078125 0.01 0.501904
0 0.992746 0.963333 0.0145089 0.0333333 0.501982
0 0.788504 0.831667 0.0100446 0.0133333 0.511498
0 0.399554 0.496667 0.0223214 0.0233333 0.520585
0 0.0898438 0.7625 0.0078125 0.0116667 0.52059
0 0.675781 0.784167 0.0100446 0.0116667 0.524306
0 0.203125 0.233333 0.015625 0.0166667 0.535827
0 0.482701 0.743333 0.0100446 0.01 0.53599
0 0.553571 0.404167 0.0200893 0.0216667 0.53857
0 0.539621 0.791667 0.0100446 0.0133333 0.539676
0 0.571429 0.798333 0.00892857 0.0133333 0.540446
0 0.759487 0.818333 0.0100446 0.0133333 0.544239
0 0.570312 0.981667 0.00669643 0.01 0.545105
0 0.481027 0.224167 0.0133929 0.015 0.559343
0 0.731585 0.805833 0.0100446 0.0116667 0.579334
0 0.717076 0.246667 0.0167411 0.0233333 0.589978
0 0.707031 0.280833 0.0189732 0.025 0.59304
0 0.512835 0.429167 0.0212054 0.0216667 0.615592
0 0.847098 0.860833 0.0133929 0.0216667 0.618143
0 0.0569196 0.7775 0.0111607 0.0116667 0.625534
0 0.445312 0.235 0.0133929 0.0133333 0.627204
0 0.710938 0.264167 0.0178571 0.025 0.638923
0 0.848772 0.859167 0.0212054 0.0383333 0.641148
0 0.908482 0.891667 0.0245536 0.0266667 0.665029
0 0.233259 0.694167 0.0223214 0.0316667 0.676359
0 0.367188 0.520833 0.0245536 0.025 0.682951
0 0.685268 0.323333 0.0178571 0.0233333 0.683265
0 0.34654 0.533333 0.0212054 0.0233333 0.68807
0 0.430246 0.479167 0.0234375 0.0216667 0.694763
0 0.328683 0.8075 0.0078125 0.00833333 0.70551
0 0.571987 0.391667 0.0189732 0.02 0.711518
0 0.59096 0.379167 0.0189732 0.0216667 0.714246
0 0.698103 0.303333 0.0189732 0.0233333 0.715494
0 0.904018 0.914167 0.0223214 0.0283333 0.718595
0 0.611049 0.365 0.0189732 0.02 0.722003
0 0.492746 0.440833 0.0212054 0.0216667 0.722778
0 0.529576 0.4175 0.0212054 0.025 0.723994
0 0.185826 0.738333 0.0234375 0.0266667 0.728505
0 0.473214 0.45 0.0200893 0.02 0.729293
0 0.325893 0.5425 0.0223214 0.0216667 0.729529
0 0.40625 0.491667 0.0223214 0.0233333 0.732627
0 0.63058 0.353333 0.0178571 0.0166667 0.737637
0 0.267299 0.603333 0.0234375 0.0266667 0.740483
0 0.668527 0.3325 0.0178571 0.0183333 0.759296
0 0.453125 0.464167 0.0223214 0.0216667 0.761878
0 0.648438 0.3425 0.0178571 0.0183333 0.763611
0 0.386719 0.504167 0.0234375 0.0216667 0.774643
0 0.301339 0.558333 0.0200893 0.0233333 0.775028
0 0.282924 0.580833 0.0234375 0.025 0.776403
0 0.214286 0.720833 0.0267857 0.0316667 0.782377
0 0.881138 0.874167 0.0234375 0.035 0.796271
0 0.938058 0.920833 0.0301339 0.0383333 0.8042
0 0.969308 0.941667 0.0279018 0.0366667 0.847907
