0 0.49125 0.571956 0.0075 0.00738007 0.25554
0 0.3625 0.440959 0.01 0.0110701 0.273192
0 0.0975 0.457565 0.01 0.0147601 0.296397
0 0.04875 0.490775 0.0075 0.00738007 0.305913
0 0.14 0.429889 0.01 0.0110701 0.307228
0 0.39625 0.47417 0.0075 0.0110701 0.314087
0 0.94 0.765683 0.01 0.0110701 0.331173
0 0.59125 0.678967 0.0075 0.00738007 0.33614
0 0.57125 0.642066 0.0075 0.00738007 0.363528
0 0.3325 0.415129 0.01 0.0110701 0.386087
0 0.2675 0.394834 0.01 0.0147601 0.3958
0 0.7 0.754613 0.01 0.0184502 0.399832
0 0.22625 0.407749 0.0075 0.0110701 0.409449
0 0.7425 0.763838 0.01 0.0147601 0.414906
0 0.0925 0.45941 0.01 0.0110701 0.420689
0 0.3075 0.404059 0.01 0.0110701 0.432033
0 0.9 0.785978 0.01 0.0147601 0.440026
0 0.98125 0.789668 0.0075 0.0147601 0.455009
0 0.8025 0.780443 0.01 0.0184502 0.470666
0 0.175 0.416974 0.01 0.0147601 0.479057
0 0.625 0.708487 0.01 0.0147601 0.49321
0 0.77 0.765683 0.01 0.0110701 0.531364
0 0.45875 0.546125 0.0125 0.0147601 0.546858
0 0.6625 0.738007 0.01 0.0221402 0.563569
0 0.87 0.785978 0.01 0.0147601 0.588907
