0 0.07361111111111111 0.6458333333333334 0.05277777777777778 0.03611111111111111
0 0.2625 0.5972222222222222 0.058333333333333334 0.03888888888888889
0 0.125 0.8597222222222223 0.06666666666666667 0.05277777777777778
0 0.3680555555555556 0.7819444444444444 0.06388888888888888 0.05277777777777778
0 0.425 0.5916666666666667 0.05 0.03333333333333333
0 0.5861111111111111 0.7833333333333333 0.05555555555555555 0.044444444444444446
0 0.7555555555555555 0.7875 0.05555555555555555 0.041666666666666664
0 0.9458333333333333 0.7791666666666667 0.04722222222222222 0.03611111111111111
0 0.6263888888888889 0.5875 0.05277777777777778 0.03611111111111111
0 0.7763888888888889 0.5638888888888889 0.05277777777777778 0.03333333333333333
0 0.6416666666666667 0.4875 0.06111111111111111 0.03611111111111111
0 0.5555555555555556 0.4236111111111111 0.05 0.030555555555555555
0 0.4708333333333333 0.3638888888888889 0.04722222222222222 0.022222222222222223
0 0.3972222222222222 0.31666666666666665 0.03888888888888889 0.022222222222222223
0 0.34305555555555556 0.2861111111111111 0.041666666666666664 0.022222222222222223
0 0.29583333333333334 0.25833333333333336 0.03611111111111111 0.016666666666666666
0 0.25 0.2375 0.03333333333333333 0.019444444444444445
0 0.2013888888888889 0.21666666666666667 0.03611111111111111 0.022222222222222223
0 0.16944444444444445 0.19583333333333333 0.027777777777777776 0.013888888888888888
0 0.5319444444444444 0.05694444444444444 0.019444444444444445 0.013888888888888888
0 0.5263888888888889 0.08055555555555556 0.019444444444444445 0.011111111111111112
0 0.5305555555555556 0.12777777777777777 0.022222222222222223 0.011111111111111112
0 0.5666666666666667 0.1625 0.022222222222222223 0.013888888888888888
0 0.5972222222222222 0.18888888888888888 0.027777777777777776 0.016666666666666666
0 0.6513888888888889 0.22777777777777777 0.03611111111111111 0.016666666666666666
0 0.7 0.2708333333333333 0.03333333333333333 0.019444444444444445
0 0.7277777777777777 0.30416666666666664 0.03888888888888889 0.019444444444444445
0 0.875 0.4638888888888889 0.03888888888888889 0.022222222222222223
0 0.9152777777777777 0.5055555555555555 0.03611111111111111 0.027777777777777776
0 0.9569444444444445 0.3597222222222222 0.041666666666666664 0.019444444444444445
0 0.9222222222222223 0.32916666666666666 0.03333333333333333 0.019444444444444445
0 0.8888888888888888 0.3055555555555556 0.03333333333333333 0.016666666666666666
0 0.8666666666666667 0.28055555555555556 0.027777777777777776 0.016666666666666666
0 0.8541666666666666 0.25833333333333336 0.025 0.011111111111111112
0 0.85 0.2388888888888889 0.022222222222222223 0.011111111111111112
0 0.8541666666666666 0.2222222222222222 0.019444444444444445 0.011111111111111112
0 0.8513888888888889 0.20555555555555555 0.019444444444444445 0.011111111111111112
0 0.85 0.18888888888888888 0.016666666666666666 0.011111111111111112
0 0.8416666666666667 0.17083333333333334 0.022222222222222223 0.008333333333333333
0 0.8388888888888889 0.15694444444444444 0.022222222222222223 0.008333333333333333
