0 0.44928032899246056 0.8932506887052342 0.0568882796435915 0.0674931129476584
0 0.43660041124057575 0.8174931129476584 0.03838245373543523 0.045454545454545456
0 0.44893762851267993 0.7575757575757576 0.05620287868403016 0.06060606060606061
0 0.4516792323509253 0.6466942148760331 0.04249485949280329 0.05371900826446281
0 0.4564770390678547 0.5668044077134986 0.04934886908841672 0.048209366391184574
0 0.4588759424263194 0.506198347107438 0.04043865661411926 0.05096418732782369
0 0.46161754626456475 0.4345730027548209 0.04455106237148732 0.04269972451790634
0 0.4599040438656614 0.3891184573002755 0.03838245373543523 0.03994490358126722
0 0.48149417409184375 0.3367768595041322 0.04455106237148732 0.0371900826446281
0 0.49074708704592185 0.3106060606060606 0.03427004797806717 0.023415977961432508
0 0.498971898560658 0.2871900826446281 0.03427004797806717 0.023415977961432508
0 0.5089102124742975 0.2679063360881543 0.02810143934201508 0.01790633608815427
0 0.5147361206305688 0.2493112947658402 0.03015764222069911 0.01652892561983471
0 0.5246744345442084 0.209366391184573 0.03221384509938314 0.02203856749311295
0 0.5270733379026731 0.1825068870523416 0.02878684030157642 0.01790633608815427
0 0.5243317340644277 0.16735537190082644 0.02193283070596299 0.01790633608815427
0 0.5346127484578478 0.1487603305785124 0.0205620287868403 0.013774104683195593
