2 0.7811111111111111 0.09442595673876872 0.18555555555555556 0.18718801996672213
2 0.7602777777777778 0.2674708818635607 0.06055555555555556 0.045757071547420966
2 0.8572222222222222 0.24459234608985025 0.11444444444444445 0.15806988352745424
2 0.23694444444444446 0.37437603993344426 0.08611111111111111 0.1048252911813644
2 0.41444444444444445 0.7063227953410982 0.043333333333333335 0.07986688851913477
2 0.47333333333333333 0.7562396006655574 0.06444444444444444 0.11980033277870217
2 0.4122222222222222 0.5228785357737105 0.22666666666666666 0.26039933444259566
2 0.4975 0.1896838602329451 0.04722222222222222 0.06156405990016639
2 0.32 0.07445923460898503 0.3288888888888889 0.14226289517470883
2 0.0525 0.16555740432612312 0.105 0.11314475873544093
2 0.12361111111111112 0.2420965058236273 0.07611111111111112 0.04658901830282862
