0 0.02388888888888889 0.729933110367893 0.027777777777777776 0.015050167224080268
0 0.06777777777777778 0.7274247491638796 0.02666666666666667 0.016722408026755852
0 0.11777777777777777 0.7194816053511706 0.025555555555555557 0.01588628762541806
0 0.165 0.7127926421404682 0.028888888888888888 0.017558528428093644
0 0.21777777777777776 0.7065217391304348 0.027777777777777776 0.011705685618729096
0 0.2611111111111111 0.7006688963210702 0.03 0.011705685618729096
0 0.30583333333333335 0.6960702341137124 0.026111111111111113 0.01254180602006689
0 0.35 0.6931438127090301 0.02666666666666667 0.013377926421404682
0 0.39444444444444443 0.6872909698996655 0.024444444444444446 0.011705685618729096
0 0.4388888888888889 0.6826923076923077 0.025555555555555557 0.014214046822742474
0 0.48333333333333334 0.6755852842809364 0.03111111111111111 0.013377926421404682
0 0.5225 0.6714046822742475 0.02722222222222222 0.011705685618729096
0 0.5613888888888889 0.665133779264214 0.025 0.010869565217391304
0 0.6055555555555555 0.6584448160535117 0.023333333333333334 0.00919732441471572
0 0.6438888888888888 0.6563545150501672 0.024444444444444446 0.010033444816053512
0 0.6866666666666666 0.649247491638796 0.021111111111111112 0.010869565217391304
0 0.7191666666666666 0.6484113712374582 0.019444444444444445 0.010869565217391304
0 0.7558333333333334 0.6454849498327759 0.02388888888888889 0.008361204013377926
0 0.7569444444444444 0.6178929765886287 0.020555555555555556 0.010033444816053512
0 0.7233333333333334 0.6124581939799331 0.02 0.00919732441471572
0 0.69 0.6082775919732442 0.02 0.00919732441471572
0 0.6261111111111111 0.5965719063545151 0.022222222222222223 0.007525083612040134
0 0.5961111111111111 0.5873745819397993 0.01888888888888889 0.005852842809364548
0 0.5686111111111111 0.5811036789297659 0.019444444444444445 0.006688963210702341
0 0.545 0.5735785953177257 0.01888888888888889 0.006688963210702341
0 0.5163888888888889 0.5664715719063546 0.021666666666666667 0.00919732441471572
0 0.48527777777777775 0.5585284280936454 0.017222222222222222 0.006688963210702341
0 0.46166666666666667 0.5535117056856187 0.015555555555555555 0.006688963210702341
0 0.43555555555555553 0.5464046822742475 0.014444444444444444 0.005852842809364548
0 0.4036111111111111 0.5405518394648829 0.017222222222222222 0.005852842809364548
0 0.3763888888888889 0.5355351170568562 0.018333333333333333 0.007525083612040134
0 0.35638888888888887 0.5288461538461539 0.01611111111111111 0.005852842809364548
0 0.33805555555555555 0.5225752508361204 0.015 0.005016722408026756
0 0.32055555555555554 0.5154682274247492 0.015555555555555555 0.005852842809364548
0 0.2986111111111111 0.5087792642140468 0.013888888888888888 0.005852842809364548
0 0.26472222222222225 0.4962374581939799 0.013888888888888888 0.004180602006688963
0 0.22555555555555556 0.48578595317725753 0.016666666666666666 0.0033444816053511705
0 0.20416666666666666 0.47951505016722407 0.01611111111111111 0.004180602006688963
0 0.1802777777777778 0.47491638795986624 0.01611111111111111 0.006688963210702341
0 0.16111111111111112 0.47031772575250835 0.014444444444444444 0.005852842809364548
0 0.24722222222222223 0.49038461538461536 0.014444444444444444 0.004180602006688963
0 0.9902777777777778 0.5840301003344481 0.018333333333333333 0.005852842809364548
0 0.9608333333333333 0.5777591973244147 0.017222222222222222 0.006688963210702341
0 0.9308333333333333 0.5714882943143813 0.01611111111111111 0.005852842809364548
0 0.8175 0.544732441471572 0.013888888888888888 0.005852842809364548
0 0.7919444444444445 0.5388795986622074 0.013888888888888888 0.004180602006688963
0 0.7686111111111111 0.5330267558528428 0.013888888888888888 0.005852842809364548
0 0.7441666666666666 0.5271739130434783 0.012777777777777779 0.005852842809364548
0 0.7177777777777777 0.5217391304347826 0.011111111111111112 0.005016722408026756
0 0.6944444444444444 0.5154682274247492 0.012222222222222223 0.004180602006688963
0 0.6758333333333333 0.5117056856187291 0.013888888888888888 0.005016722408026756
0 0.6225 0.49498327759197325 0.010555555555555556 0.005016722408026756
