0 0.459375 0.236875 0.01625 0.01375
0 0.50625 0.288125 0.015 0.01125
0 0.55625 0.353125 0.02 0.01375
0 0.588125 0.423125 0.02125 0.01375
0 0.6275 0.500625 0.0225 0.01625
0 0.66375 0.57875 0.02 0.01
0 0.690625 0.666875 0.02125 0.01375
0 0.714375 0.763125 0.02125 0.02375
0 0.189375 0.674375 0.01375 0.01625
0 0.29125 0.69125 0.015 0.015
0 0.485625 0.729375 0.01625 0.01625
0 0.6075 0.745625 0.0175 0.01375
0 0.820625 0.77875 0.02875 0.03
0 0.916875 0.783125 0.02375 0.02875
0 0.38625 0.709375 0.0175 0.01375
0 0.1825 0.0375 0.02 0.015
