0 0.584375 0.971875 0.01875 0.01625
0 0.495625 0.659375 0.01375 0.01125
0 0.47625 0.608125 0.0125 0.01125
0 0.458125 0.496875 0.00875 0.00875
0 0.434375 0.440625 0.01125 0.00875
0 0.429375 0.3975 0.00875 0.01
0 0.415625 0.355 0.01375 0.01
0 0.40125 0.306875 0.03 0.01875
0 0.389375 0.2675 0.03875 0.0225
0 0.379375 0.229375 0.03625 0.02375
0 0.373125 0.194375 0.03625 0.02125
0 0.368125 0.16625 0.03375 0.02
0 0.36375 0.13375 0.03 0.0175
0 0.359375 0.113125 0.02875 0.01625
0 0.353125 0.091875 0.02375 0.01375
0 0.345625 0.066875 0.02625 0.01375
