0 0.0925 0.34208333333333335 0.010555555555555556 0.0175
0 0.1486111111111111 0.33791666666666664 0.010555555555555556 0.015833333333333335
0 0.20416666666666666 0.32958333333333334 0.010555555555555556 0.015833333333333335
0 0.26305555555555554 0.33 0.013888888888888888 0.015
0 0.3186111111111111 0.32458333333333333 0.012777777777777779 0.0175
0 0.37444444444444447 0.32125 0.013333333333333334 0.019166666666666665
0 0.43333333333333335 0.3154166666666667 0.01 0.0175
0 0.4802777777777778 0.31125 0.007222222222222222 0.0175
0 0.5425 0.3104166666666667 0.011666666666666667 0.0175
0 0.6105555555555555 0.3070833333333333 0.013333333333333334 0.0175
0 0.6683333333333333 0.30125 0.013333333333333334 0.019166666666666665
0 0.7316666666666667 0.29583333333333334 0.013333333333333334 0.015
