2 0.11195958646616541 0.03513418079096045 0.01950187969924812 0.016596045197740113
2 0.10432330827067669 0.07203389830508475 0.03007518796992481 0.026129943502824857
2 0.16564849624060152 0.08121468926553672 0.025845864661654134 0.019067796610169493
2 0.2764332706766917 0.09445621468926553 0.03171992481203008 0.022245762711864406
2 0.18609022556390978 0.11899717514124294 0.023026315789473683 0.01694915254237288
2 0.10796522556390978 0.19915254237288135 0.01762218045112782 0.012711864406779662
2 0.12781954887218044 0.16772598870056496 0.015977443609022556 0.012005649717514125
2 0.14579417293233082 0.24593926553672316 0.01950187969924812 0.013771186440677966
2 0.20171522556390978 0.2563559322033898 0.019971804511278196 0.01694915254237288
2 0.08717105263157894 0.4551553672316384 0.029605263157894735 0.03248587570621469
2 0.07307330827067669 0.5063559322033898 0.018796992481203006 0.01694915254237288
2 0.07906484962406016 0.5536723163841808 0.023731203007518797 0.022598870056497175
2 0.20582706766917294 0.536723163841808 0.018796992481203006 0.014124293785310734
2 0.10420582706766918 0.6560734463276836 0.023731203007518797 0.023305084745762712
2 0.12852443609022557 0.6361228813559322 0.01926691729323308 0.015889830508474576
2 0.16611842105263158 0.6580155367231638 0.02819548872180451 0.026483050847457626
2 0.22086466165413535 0.6468926553672316 0.03289473684210526 0.024717514124293787
2 0.10867011278195489 0.6765536723163842 0.02044172932330827 0.014124293785310734
2 0.17986372180451127 0.6025776836158192 0.03970864661654135 0.03919491525423729
2 0.24048402255639098 0.6054025423728814 0.020911654135338346 0.03425141242937853
2 0.23085056390977443 0.5632062146892656 0.024201127819548873 0.03177966101694915
2 0.35890507518796994 0.4401483050847458 0.02138157894736842 0.022951977401129944
2 0.3843984962406015 0.4419138418079096 0.020206766917293232 0.02365819209039548
2 0.4483082706766917 0.4394420903954802 0.01362781954887218 0.013064971751412429
2 0.462406015037594 0.359816384180791 0.039473684210526314 0.03954802259887006
2 0.4702772556390977 0.4203742937853107 0.017152255639097745 0.016596045197740113
2 0.502937030075188 0.3893008474576271 0.03782894736842105 0.03283898305084746
2 0.5924577067669173 0.3453389830508475 0.049107142857142856 0.03672316384180791
2 0.5702537593984962 0.4212570621468927 0.03900375939849624 0.019067796610169493
2 0.6527255639097744 0.3672316384180791 0.04276315789473684 0.02401129943502825
2 0.5958646616541353 0.4468573446327684 0.040413533834586464 0.04978813559322034
2 0.6524906015037594 0.4747528248587571 0.05075187969924812 0.03919491525423729
2 0.6900845864661654 0.4399717514124294 0.02631578947368421 0.025423728813559324
2 0.7020676691729323 0.386475988700565 0.015037593984962405 0.014477401129943503
2 0.7359022556390977 0.5038841807909604 0.050281954887218046 0.041666666666666664
2 0.7645676691729323 0.4189618644067797 0.048402255639097745 0.03637005649717514
2 0.7814849624060151 0.4593926553672316 0.016917293233082706 0.018361581920903956
2 0.7859492481203008 0.5866878531073446 0.04981203007518797 0.050494350282485875
2 0.694078947368421 0.6013418079096046 0.042293233082706765 0.05155367231638418
2 0.7407189849624061 0.5434322033898306 0.01762218045112782 0.01765536723163842
2 0.7875939849624061 0.5123587570621468 0.01268796992481203 0.014830508474576272
2 0.8358787593984962 0.4482697740112994 0.018092105263157895 0.020127118644067795
2 0.8506813909774437 0.4777542372881356 0.020911654135338346 0.02401129943502825
2 0.8895676691729323 0.4565677966101695 0.029605263157894735 0.041666666666666664
2 0.8764097744360902 0.6400070621468926 0.023966165413533833 0.026483050847457626
2 0.5899906015037594 0.590042372881356 0.05545112781954887 0.0480225988700565
2 0.6306390977443609 0.6560734463276836 0.020676691729323307 0.022598870056497175
2 0.659891917293233 0.713276836158192 0.049577067669172935 0.036016949152542374
2 0.5681390977443609 0.7846045197740112 0.024906015037593984 0.033192090395480225
2 0.565671992481203 0.832274011299435 0.018092105263157895 0.023305084745762712
2 0.5872885338345865 0.8619350282485876 0.023261278195488722 0.020480225988700564
2 0.49283364661654133 0.7687146892655368 0.020911654135338346 0.02754237288135593
2 0.41271146616541354 0.766066384180791 0.021851503759398497 0.03283898305084746
2 0.5184445488721805 0.8801200564971752 0.01950187969924812 0.02153954802259887
2 0.5550986842105263 0.8748234463276836 0.013392857142857142 0.01730225988700565
2 0.36548402255639095 0.03213276836158192 0.022791353383458647 0.0211864406779661
2 0.4261043233082707 0.054378531073446326 0.02044172932330827 0.01765536723163842
2 0.4982377819548872 0.0646186440677966 0.01762218045112782 0.014124293785310734
2 0.9666353383458647 0.2199858757062147 0.020676691729323307 0.026836158192090395
2 0.8814614661654135 0.2549435028248588 0.024671052631578948 0.02401129943502825
2 0.8023966165413534 0.2078036723163842 0.019736842105263157 0.020833333333333332
2 0.8300046992481203 0.13241525423728814 0.013392857142857142 0.018361581920903956
2 0.8577302631578947 0.08686440677966102 0.028900375939849624 0.01977401129943503
2 0.8112077067669173 0.06179378531073446 0.020911654135338346 0.01765536723163842
2 0.7672697368421053 0.0524364406779661 0.01762218045112782 0.011652542372881356
2 0.7119360902255639 0.03089689265536723 0.011278195488721804 0.01730225988700565
2 0.6200657894736842 0.1336511299435028 0.026785714285714284 0.03001412429378531
2 0.6535479323308271 0.08686440677966102 0.016212406015037595 0.014830508474576272
2 0.3302396616541353 0.18926553672316385 0.01762218045112782 0.01977401129943503
2 0.33364661654135336 0.23057909604519775 0.01550751879699248 0.014830508474576272
