2 0.5066964285714286 0.6094632768361582 0.23801691729323307 0.4759887005649718
2 0.25023496240601506 0.7383474576271186 0.043703007518796994 0.05508474576271186
2 0.7119360902255639 0.4955861581920904 0.07706766917293233 0.0971045197740113
2 0.8009868421052632 0.4141949152542373 0.05545112781954887 0.07556497175141243
2 0.074953007518797 0.9247881355932204 0.07424812030075188 0.11581920903954802
2 0.015272556390977443 0.8541666666666666 0.030545112781954886 0.06285310734463277
2 0.6792763157894737 0.3797669491525424 0.03383458646616541 0.04413841807909605
2 0.6865601503759399 0.2764830508474576 0.0587406015037594 0.07274011299435028
2 0.7363721804511278 0.223340395480226 0.03712406015037594 0.03919491525423729
2 0.5353618421052632 0.2817796610169492 0.03453947368421053 0.0423728813559322
2 0.571546052631579 0.09410310734463277 0.08482142857142858 0.18820621468926554
2 0.7667998120300752 0.032662429378531074 0.06508458646616541 0.06391242937853107
