0 0.05 0.4870848708487085 0.005 0.007380073800738007
0 0.09 0.4981549815498155 0.005 0.007380073800738007
0 0.13 0.503690036900369 0.005 0.0036900369003690036
0 0.1725 0.507380073800738 0.005 0.0036900369003690036
0 0.20875 0.5092250922509225 0.0025 0.007380073800738007
0 0.25375 0.5202952029520295 0.0025 0.007380073800738007
0 0.2925 0.5369003690036901 0.005 0.0036900369003690036
0 0.335 0.5479704797047971 0.005 0.0036900369003690036
0 0.38 0.5553505535055351 0.005 0.01107011070110701
0 0.09625 0.4575645756457565 0.0125 0.014760147601476014
0 0.14125 0.4280442804428044 0.0125 0.007380073800738007
0 0.17875 0.4151291512915129 0.0125 0.01107011070110701
0 0.225 0.4077490774907749 0.01 0.01107011070110701
0 0.26875 0.3948339483394834 0.0075 0.014760147601476014
0 0.30875 0.4040590405904059 0.0025 0.01107011070110701
0 0.335 0.41697416974169743 0.005 0.014760147601476014
0 0.32375 0.43726937269372695 0.0025 0.0036900369003690036
0 0.36375 0.4354243542435424 0.0125 0.007380073800738007
0 0.36 0.47232472324723246 0.005 0.007380073800738007
0 0.39625 0.46863468634686345 0.0075 0.014760147601476014
0 0.39625 0.511070110701107 0.0025 0.01107011070110701
0 0.42625 0.5018450184501845 0.0075 0.014760147601476014
0 0.43125 0.5461254612546126 0.0025 0.007380073800738007
0 0.4225 0.5756457564575646 0.005 0.007380073800738007
0 0.4625 0.544280442804428 0.01 0.01845018450184502
0 0.45375 0.5959409594095941 0.0025 0.01107011070110701
0 0.4975 0.577490774907749 0.005 0.01845018450184502
0 0.48875 0.6273062730627307 0.0025 0.014760147601476014
0 0.98375 0.7878228782287823 0.0075 0.01107011070110701
0 0.9425 0.7693726937269373 0.005 0.01107011070110701
0 0.9025 0.7841328413284133 0.01 0.01107011070110701
0 0.8725 0.7859778597785978 0.01 0.014760147601476014
0 0.8325 0.8007380073800738 0.005 0.007380073800738007
0 0.8425 0.7804428044280443 0.005 0.01107011070110701
0 0.8025 0.7804428044280443 0.01 0.01107011070110701
0 0.77 0.7675276752767528 0.0 0.014760147601476014
0 0.7725 0.8062730627306273 0.005 0.01107011070110701
0 0.7025 0.7564575645756457 0.01 0.014760147601476014
0 0.68375 0.7915129151291513 0.0025 0.01107011070110701
0 0.73125 0.8025830258302583 0.0025 0.01107011070110701
0 0.66375 0.7380073800738007 0.0125 0.02214022140221402
0 0.6375 0.7730627306273062 0.005 0.01107011070110701
0 0.62375 0.7047970479704797 0.0075 0.014760147601476014
0 0.58375 0.7416974169741697 0.0025 0.007380073800738007
0 0.61 0.7306273062730627 0.005 0.007380073800738007
0 0.59375 0.6808118081180812 0.0075 0.01107011070110701
0 0.5725 0.6439114391143912 0.005 0.01107011070110701
0 0.545 0.6531365313653137 0.005 0.007380073800738007
0 0.565 0.6845018450184502 0.01 0.01107011070110701
0 0.50875 0.6752767527675276 0.0025 0.007380073800738007
0 0.52125 0.6512915129151291 0.0025 0.0036900369003690036
0 0.53125 0.6180811808118081 0.0075 0.01107011070110701
0 0.74125 0.7638376383763837 0.0125 0.014760147601476014
