0 0.3110367892976589 0.01888888888888889 0.0451505016722408 0.013333333333333334
0 0.3210702341137124 0.04111111111111111 0.05016722408026756 0.014444444444444444
0 0.3302675585284281 0.0661111111111111 0.056856187290969896 0.015555555555555555
0 0.3377926421404682 0.09166666666666666 0.061872909698996656 0.016666666666666666
0 0.34448160535117056 0.12055555555555555 0.061872909698996656 0.015555555555555555
0 0.34698996655518394 0.1463888888888889 0.06521739130434782 0.017222222222222222
0 0.3394648829431438 0.1763888888888889 0.061872909698996656 0.017222222222222222
0 0.32357859531772576 0.20722222222222222 0.05852842809364549 0.01888888888888889
0 0.3440635451505017 0.2375 0.061036789297658864 0.017222222222222222
0 0.3649665551839465 0.30444444444444446 0.052675585284280936 0.014444444444444444
0 0.3963210702341137 0.33305555555555555 0.05518394648829431 0.015
0 0.43394648829431437 0.3688888888888889 0.09531772575250837 0.023333333333333334
0 0.4569397993311037 0.41333333333333333 0.09448160535117058 0.024444444444444446
0 0.4807692307692308 0.455 0.09197324414715718 0.023333333333333334
0 0.5196488294314381 0.5444444444444444 0.08779264214046822 0.022222222222222223
0 0.5505852842809364 0.5922222222222222 0.10117056856187291 0.025555555555555557
0 0.5698160535117057 0.6488888888888888 0.1028428093645485 0.03222222222222222
0 0.580685618729097 0.7155555555555555 0.10451505016722408 0.034444444444444444
0 0.6040969899665551 0.7863888888888889 0.12290969899665552 0.050555555555555555
0 0.6237458193979933 0.8647222222222222 0.12709030100334448 0.05277777777777778
