0 0.5686666666666667 0.9531746031746032 0.04533333333333334 0.07777777777777778
0 0.4856666666666667 0.8047619047619048 0.042 0.050793650793650794
0 0.491 0.8650793650793651 0.027333333333333334 0.0380952380952381
0 0.472 0.6730158730158731 0.028 0.044444444444444446
0 0.5266666666666666 0.611904761904762 0.030666666666666665 0.03333333333333333
0 0.5573333333333333 0.5325396825396825 0.025333333333333333 0.023809523809523808
0 0.5893333333333334 0.46825396825396826 0.024 0.01904761904761905
0 0.561 0.41349206349206347 0.024666666666666667 0.020634920634920634
0 0.5316666666666666 0.36984126984126986 0.022 0.025396825396825397
0 0.5136666666666667 0.3277777777777778 0.018 0.01746031746031746
0 0.4066666666666667 0.6952380952380952 0.018666666666666668 0.031746031746031744
0 0.376 0.6484126984126984 0.032 0.03650793650793651
0 0.31633333333333336 0.6428571428571429 0.026 0.02857142857142857
0 0.277 0.7817460317460317 0.028666666666666667 0.03650793650793651
0 0.254 0.753968253968254 0.02266666666666667 0.02857142857142857
0 0.26 0.6523809523809524 0.03333333333333333 0.044444444444444446
0 0.234 0.7238095238095238 0.030666666666666665 0.0380952380952381
0 0.215 0.6992063492063492 0.022 0.03015873015873016
0 0.19666666666666666 0.6746031746031746 0.02 0.02857142857142857
0 0.18333333333333332 0.6563492063492063 0.018666666666666668 0.026984126984126985
0 0.16566666666666666 0.6388888888888888 0.023333333333333334 0.026984126984126985
0 0.14 0.5888888888888889 0.02666666666666667 0.02857142857142857
0 0.12866666666666668 0.5682539682539682 0.02266666666666667 0.022222222222222223
0 0.11633333333333333 0.5515873015873016 0.019333333333333334 0.020634920634920634
0 0.08866666666666667 0.5222222222222223 0.016 0.01904761904761905
0 0.06566666666666666 0.5023809523809524 0.020666666666666667 0.01746031746031746
0 0.011333333333333334 0.2896825396825397 0.02 0.01746031746031746
0 0.058666666666666666 0.2833333333333333 0.024 0.01746031746031746
0 0.102 0.28174603174603174 0.021333333333333333 0.01746031746031746
0 0.15366666666666667 0.3396825396825397 0.024666666666666667 0.022222222222222223
0 0.18033333333333335 0.29365079365079366 0.018 0.015873015873015872
0 0.20366666666666666 0.24841269841269842 0.019333333333333334 0.014285714285714285
0 0.214 0.22301587301587303 0.014666666666666666 0.014285714285714285
0 0.121 0.2396825396825397 0.015333333333333332 0.015873015873015872
0 0.138 0.20873015873015874 0.016 0.011111111111111112
0 0.15766666666666668 0.18571428571428572 0.016666666666666666 0.012698412698412698
0 0.232 0.18968253968253967 0.013333333333333334 0.01746031746031746
