0 0.824757281553398 0.5635103926096998 0.059223300970873784 0.06928406466512702
0 0.6961165048543689 0.5334872979214781 0.08155339805825243 0.08314087759815242
0 0.7364077669902913 0.38799076212471134 0.08640776699029126 0.09237875288683603
0 0.5461165048543689 0.48614318706697457 0.070873786407767 0.08083140877598152
0 0.49660194174757283 0.33602771362586603 0.09029126213592233 0.07159353348729793
0 0.4097087378640777 0.47344110854503463 0.062135922330097085 0.06004618937644342
0 0.27864077669902915 0.47344110854503463 0.04466019417475728 0.050808314087759814
0 0.3296116504854369 0.28290993071593534 0.06699029126213592 0.057736720554272515
0 0.14563106796116504 0.46997690531177827 0.04660194174757282 0.04387990762124711
0 0.05776699029126214 0.4399538106235566 0.04951456310679612 0.03002309468822171
0 0.1529126213592233 0.25981524249422633 0.059223300970873784 0.03926096997690531
