0 0.095 0.87 0.03 0.03
0 0.17833333333333334 0.8575 0.023333333333333334 0.025
0 0.25666666666666665 0.85 0.02 0.03
0 0.3233333333333333 0.8425 0.02 0.025
0 0.39166666666666666 0.8375 0.016666666666666666 0.035
0 0.45166666666666666 0.83 0.016666666666666666 0.03
0 0.52 0.8275 0.02 0.035
0 0.5816666666666667 0.8275 0.023333333333333334 0.025
0 0.6433333333333333 0.82 0.013333333333333334 0.03
0 0.695 0.81 0.01 0.03
0 0.7466666666666667 0.8125 0.013333333333333334 0.035
0 0.8033333333333333 0.81 0.013333333333333334 0.03
0 0.85 0.8075 0.013333333333333334 0.025
0 0.905 0.8075 0.01 0.025
0 0.955 0.8075 0.01 0.025
0 0.09166666666666666 0.18 0.016666666666666666 0.02
0 0.17666666666666667 0.18 0.013333333333333334 0.02
0 0.25166666666666665 0.1825 0.01 0.015
0 0.33166666666666667 0.1875 0.01 0.015
0 0.41 0.2 0.013333333333333334 0.02
0 0.4716666666666667 0.205 0.01 0.02
0 0.5416666666666666 0.2025 0.016666666666666666 0.015
0 0.5983333333333334 0.2 0.01 0.02
0 0.6416666666666667 0.205 0.01 0.01
0 0.6883333333333334 0.21 0.01 0.02
0 0.735 0.2175 0.01 0.015
0 0.7833333333333333 0.2225 0.006666666666666667 0.015
0 0.8316666666666667 0.2225 0.01 0.015
0 0.875 0.225 0.01 0.01
0 0.9216666666666666 0.225 0.01 0.01
0 0.9633333333333334 0.225 0.013333333333333334 0.01
0 0.058333333333333334 0.1175 0.01 0.015
0 0.03666666666666667 0.0825 0.006666666666666667 0.015
0 0.07333333333333333 0.085 0.006666666666666667 0.01
0 0.11166666666666666 0.085 0.01 0.01
0 0.12333333333333334 0.1175 0.013333333333333334 0.015
0 0.14833333333333334 0.085 0.01 0.01
0 0.18333333333333332 0.085 0.006666666666666667 0.01
0 0.17833333333333334 0.115 0.01 0.01
0 0.22 0.0925 0.006666666666666667 0.015
0 0.205 0.1175 0.01 0.015
0 0.25166666666666665 0.095 0.01 0.02
0 0.24833333333333332 0.1225 0.01 0.015
0 0.285 0.0925 0.0033333333333333335 0.015
0 0.27666666666666667 0.1225 0.006666666666666667 0.015
0 0.31666666666666665 0.0925 0.006666666666666667 0.015
0 0.31 0.1275 0.006666666666666667 0.015
0 0.35 0.095 0.006666666666666667 0.01
0 0.3466666666666667 0.1275 0.006666666666666667 0.005
0 0.38166666666666665 0.1025 0.01 0.005
0 0.38166666666666665 0.13 0.01 0.01
0 0.4083333333333333 0.1025 0.0033333333333333335 0.005
0 0.425 0.1175 0.01 0.005
0 0.415 0.1375 0.01 0.015
0 0.4533333333333333 0.1125 0.006666666666666667 0.015
0 0.4533333333333333 0.1475 0.006666666666666667 0.015
0 0.485 0.15 0.0033333333333333335 0.01
0 0.5233333333333333 0.115 0.006666666666666667 0.01
0 0.49333333333333335 0.1125 0.006666666666666667 0.015
0 0.515 0.1525 0.01 0.015
0 0.5516666666666666 0.1575 0.01 0.015
0 0.5533333333333333 0.1175 0.006666666666666667 0.015
0 0.5883333333333334 0.12 0.01 0.01
0 0.595 0.16 0.01 0.01
0 0.6266666666666667 0.12 0.006666666666666667 0.01
0 0.6266666666666667 0.165 0.006666666666666667 0.01
0 0.6683333333333333 0.1275 0.01 0.015
0 0.665 0.165 0.01 0.01
0 0.705 0.125 0.01 0.01
0 0.7016666666666667 0.17 0.01 0.01
0 0.7433333333333333 0.125 0.006666666666666667 0.01
0 0.7366666666666667 0.175 0.006666666666666667 0.01
0 0.7816666666666666 0.14 0.01 0.01
0 0.7716666666666666 0.175 0.01 0.01
0 0.8083333333333333 0.1825 0.01 0.005
0 0.8116666666666666 0.145 0.0033333333333333335 0.01
0 0.8433333333333334 0.1825 0.006666666666666667 0.005
0 0.8766666666666667 0.185 0.006666666666666667 0.01
