0 0.2561111111111111 0.7291318864774624 0.03222222222222222 0.02921535893155259
0 0.2975 0.6999165275459098 0.026111111111111113 0.024207011686143573
0 0.3358333333333333 0.6723706176961602 0.02388888888888889 0.024207011686143573
0 0.3672222222222222 0.6464941569282137 0.01888888888888889 0.020868113522537562
0 0.39416666666666667 0.6272954924874792 0.020555555555555556 0.022537562604340568
0 0.4241666666666667 0.6051752921535893 0.018333333333333333 0.015025041736227046
0 0.44805555555555554 0.5847245409015025 0.019444444444444445 0.019198664440734557
0 0.4736111111111111 0.5671953255425709 0.018333333333333333 0.015859766277128547
0 0.49805555555555553 0.5484140233722872 0.018333333333333333 0.01669449081803005
0 0.5211111111111111 0.5342237061769616 0.017777777777777778 0.01669449081803005
0 0.5402777777777777 0.5179465776293823 0.01611111111111111 0.012520868113522538
0 0.5566666666666666 0.5079298831385642 0.015555555555555555 0.010851419031719533
0 0.5697222222222222 0.4941569282136895 0.01611111111111111 0.01001669449081803
0 0.5838888888888889 0.48163606010016696 0.014444444444444444 0.01335559265442404
0 0.5991666666666666 0.46953255425709517 0.01611111111111111 0.009181969949916527
0 0.6125 0.4574290484140234 0.01611111111111111 0.011686143572621035
0 0.6241666666666666 0.44407345575959933 0.013888888888888888 0.008347245409015025
0 0.6566666666666666 0.41736227045075125 0.013333333333333334 0.008347245409015025
0 0.6688888888888889 0.4081803005008347 0.014444444444444444 0.008347245409015025
0 0.6808333333333333 0.39858096828046746 0.011666666666666667 0.009181969949916527
0 0.6925 0.38981636060100167 0.012777777777777779 0.008347245409015025
0 0.7052777777777778 0.3831385642737897 0.013888888888888888 0.008347245409015025
0 0.715 0.3747913188647746 0.013333333333333334 0.008347245409015025
0 0.7269444444444444 0.3664440734557596 0.012777777777777779 0.00667779632721202
0 0.7347222222222223 0.3597662771285476 0.013888888888888888 0.00667779632721202
0 0.7430555555555556 0.3518363939899833 0.012777777777777779 0.005843071786310518
0 0.7533333333333333 0.34557595993322204 0.014444444444444444 0.008347245409015025
0 0.7630555555555556 0.33931552587646074 0.015 0.005843071786310518
0 0.7716666666666666 0.33347245409015025 0.014444444444444444 0.007512520868113523
0 0.7805555555555556 0.3280467445742905 0.014444444444444444 0.00667779632721202
0 0.7880555555555555 0.3217863105175292 0.012777777777777779 0.007512520868113523
0 0.7936111111111112 0.3151085141903172 0.010555555555555556 0.005843071786310518
0 0.8016666666666666 0.30926544240400666 0.011111111111111112 0.007512520868113523
0 0.8105555555555556 0.30425709515859767 0.01 0.005843071786310518
0 0.8161111111111111 0.2996661101836394 0.01 0.005008347245409015
0 0.8236111111111111 0.29549248747913187 0.010555555555555556 0.00333889816360601
0 0.7963888888888889 0.2775459098497496 0.011666666666666667 0.004173622704507512
0 0.7808333333333334 0.2783806343906511 0.011666666666666667 0.005843071786310518
0 0.7352777777777778 0.2783806343906511 0.012777777777777779 0.005843071786310518
0 0.7180555555555556 0.27712854757929883 0.011666666666666667 0.005008347245409015
0 0.6855555555555556 0.2750417362270451 0.013333333333333334 0.005843071786310518
0 0.6694444444444444 0.27545909849749584 0.012222222222222223 0.00667779632721202
0 0.6522222222222223 0.2742070116861436 0.011111111111111112 0.005843071786310518
0 0.6347222222222222 0.2742070116861436 0.011666666666666667 0.005843071786310518
0 0.6147222222222222 0.2742070116861436 0.010555555555555556 0.004173622704507512
0 0.5977777777777777 0.2742070116861436 0.011111111111111112 0.004173622704507512
0 0.5816666666666667 0.2733722871452421 0.011111111111111112 0.004173622704507512
0 0.5641666666666667 0.27212020033388984 0.011666666666666667 0.00333889816360601
0 0.5316666666666666 0.2687813021702838 0.01 0.005008347245409015
0 0.48277777777777775 0.26502504173622704 0.012222222222222223 0.004173622704507512
0 0.46194444444444444 0.26419031719532554 0.009444444444444445 0.005843071786310518
0 0.44333333333333336 0.26419031719532554 0.011111111111111112 0.005843071786310518
0 0.4241666666666667 0.26419031719532554 0.011666666666666667 0.005843071786310518
