2 0.20444444444444446 0.19458333333333333 0.11444444444444445 0.09916666666666667
2 0.4677777777777778 0.12166666666666667 0.07888888888888888 0.07166666666666667
2 0.3852777777777778 0.04 0.08277777777777778 0.035
2 0.4519444444444444 0.013333333333333334 0.059444444444444446 0.02666666666666667
2 0.6586111111111111 0.2275 0.11944444444444445 0.13666666666666666
2 0.6952777777777778 0.4 0.03833333333333333 0.06
2 0.8280555555555555 0.5133333333333333 0.1461111111111111 0.265
2 0.7986111111111112 0.7241666666666666 0.1438888888888889 0.18833333333333332
2 0.38055555555555554 0.595 0.12111111111111111 0.14666666666666667
2 0.18194444444444444 0.5354166666666667 0.14722222222222223 0.24916666666666668
2 0.24 0.3575 0.09888888888888889 0.11333333333333333
2 0.29333333333333333 0.4666666666666667 0.08 0.105
2 0.6044444444444445 0.5983333333333334 0.08444444444444445 0.135
