0 0.7972222222222223 0.01797658862876254 0.023333333333333334 0.019230769230769232
0 0.7855555555555556 0.04180602006688963 0.03222222222222222 0.021739130434782608
0 0.77 0.06479933110367893 0.03222222222222222 0.020903010033444816
0 0.7569444444444444 0.09406354515050168 0.02388888888888889 0.020903010033444816
0 0.7436111111111111 0.1262541806020067 0.03166666666666667 0.021739130434782608
0 0.7252777777777778 0.16137123745819398 0.045 0.03177257525083612
0 0.7061111111111111 0.20234113712374582 0.044444444444444446 0.028428093645484948
0 0.6866666666666666 0.24456521739130435 0.042222222222222223 0.03762541806020067
0 0.6625 0.29180602006688966 0.03944444444444444 0.03177257525083612
0 0.635 0.3440635451505017 0.03888888888888889 0.03260869565217391
0 0.36194444444444446 0.3737458193979933 0.06277777777777778 0.051839464882943144
0 0.34833333333333333 0.4343645484949833 0.052222222222222225 0.047658862876254184
0 0.3586111111111111 0.3177257525083612 0.049444444444444444 0.0451505016722408
0 0.37666666666666665 0.2583612040133779 0.052222222222222225 0.04180602006688963
0 0.4 0.18979933110367894 0.051111111111111114 0.033444816053511704
0 0.4075 0.1479933110367893 0.03944444444444444 0.026755852842809364
0 0.4116666666666667 0.10911371237458194 0.034444444444444444 0.024247491638795988
0 0.4113888888888889 0.07190635451505016 0.030555555555555555 0.020066889632107024
