0 0.07888888888888888 0.7642140468227425 0.03777777777777778 0.028428093645484948
0 0.16361111111111112 0.7545986622073578 0.05388888888888889 0.030936454849498328
0 0.24805555555555556 0.7487458193979933 0.055 0.027591973244147156
0 0.33666666666666667 0.7433110367892977 0.043333333333333335 0.020066889632107024
0 0.5913888888888889 0.7157190635451505 0.04833333333333333 0.030100334448160536
0 0.6727777777777778 0.7065217391304348 0.04777777777777778 0.028428093645484948
0 0.7494444444444445 0.7048494983277592 0.043333333333333335 0.030100334448160536
0 0.8258333333333333 0.6948160535117057 0.042777777777777776 0.026755852842809364
0 0.8816666666666667 0.40217391304347827 0.02666666666666667 0.015050167224080268
0 0.8380555555555556 0.407190635451505 0.035 0.016722408026755852
0 0.7875 0.41095317725752506 0.03277777777777778 0.014214046822742474
0 0.6941666666666667 0.4197324414715719 0.029444444444444443 0.015050167224080268
0 0.7402777777777778 0.41471571906354515 0.02722222222222222 0.013377926421404682
0 0.3238888888888889 0.4226588628762542 0.024444444444444446 0.01588628762541806
0 0.3491666666666667 0.4005016722408027 0.025 0.015050167224080268
0 0.3680555555555556 0.38461538461538464 0.025 0.015050167224080268
0 0.3908333333333333 0.3666387959866221 0.020555555555555556 0.01254180602006689
0 0.4519444444444444 0.31187290969899667 0.030555555555555555 0.010033444816053512
0 0.4702777777777778 0.3010033444816054 0.021666666666666667 0.008361204013377926
0 0.48305555555555557 0.28929765886287623 0.02388888888888889 0.006688963210702341
0 0.4955555555555556 0.27968227424749165 0.022222222222222223 0.005852842809364548
0 0.5083333333333333 0.27048494983277593 0.021111111111111112 0.007525083612040134
0 0.5202777777777777 0.2617056856187291 0.017222222222222222 0.006688963210702341
