0 0.16375 0.93375 0.0375 0.0175
0 0.21625 0.855 0.0225 0.0225
0 0.26625 0.785625 0.025 0.01625
0 0.308125 0.71625 0.02125 0.0125
0 0.35375 0.651875 0.02 0.01125
0 0.394375 0.59875 0.01875 0.0075
0 0.429375 0.551875 0.01875 0.00625
0 0.460625 0.505 0.01625 0.01
0 0.490625 0.45875 0.01375 0.01
0 0.52375 0.4125 0.0125 0.01
0 0.53875 0.369375 0.01 0.01125
0 0.55375 0.335 0.01 0.01
0 0.57 0.29 0.0125 0.0075
0 0.58 0.256875 0.01 0.00875
0 0.588125 0.2275 0.00875 0.0075
0 0.603125 0.203125 0.01125 0.00625
0 0.61875 0.173125 0.01 0.00875
0 0.6275 0.143125 0.015 0.00625
0 0.6375 0.113125 0.0125 0.00625
0 0.645625 0.08375 0.04125 0.0325
0 0.653125 0.049375 0.03875 0.02375
0 0.66625 0.024375 0.03 0.01875
