0 0.663125 0.03375 0.03625 0.035
0 0.655625 0.08375 0.04375 0.045
0 0.640625 0.138125 0.05125 0.04625
0 0.63125 0.191875 0.0575 0.05375
0 0.620625 0.256875 0.05875 0.05625
0 0.60625 0.325625 0.0525 0.05125
0 0.593125 0.39375 0.06375 0.0575
0 0.571875 0.54625 0.06125 0.0575
0 0.4575 0.581875 0.0675 0.06375
0 0.545625 0.628125 0.04875 0.05125
0 0.53 0.708125 0.0575 0.05875
0 0.424375 0.69625 0.05125 0.05
0 0.51375 0.8075 0.0475 0.055
0 0.39375 0.811875 0.055 0.05875
0 0.495625 0.90125 0.05375 0.0525
