0 0.374375 0.934375 0.02125 0.01375
0 0.39 0.640625 0.01 0.01125
0 0.3925 0.591875 0.01 0.00875
0 0.411875 0.39625 0.01125 0.0075
0 0.409375 0.434375 0.01125 0.00625
0 0.41625 0.355625 0.01 0.00625
0 0.421875 0.3175 0.01125 0.0075
0 0.42625 0.276875 0.0175 0.00375
0 0.423125 0.241875 0.04875 0.02375
0 0.425625 0.21 0.03875 0.02
0 0.426875 0.181875 0.03125 0.01625
0 0.43625 0.15625 0.0325 0.0175
0 0.44125 0.1325 0.03 0.0175
0 0.443125 0.11375 0.02875 0.0125
0 0.445 0.09125 0.025 0.0125
0 0.44875 0.046875 0.0225 0.01375
0 0.45125 0.025625 0.02 0.01125
