0 0.278125 0.538125 0.00875 0.01625
0 0.304375 0.604375 0.01375 0.00875
0 0.3325 0.565625 0.0125 0.01125
0 0.351875 0.533125 0.01125 0.00875
0 0.375 0.500625 0.01 0.00625
0 0.341875 0.46 0.00875 0.0075
0 0.39625 0.47 0.0125 0.0075
0 0.41875 0.440625 0.0125 0.00625
0 0.368125 0.42375 0.00875 0.005
0 0.438125 0.410625 0.01125 0.00875
0 0.453125 0.38 0.03875 0.02
0 0.468125 0.356875 0.02625 0.01625
0 0.485625 0.33125 0.02875 0.02
0 0.50125 0.305625 0.035 0.02375
0 0.520625 0.285 0.03625 0.02
0 0.534375 0.2625 0.02875 0.0175
0 0.54625 0.239375 0.03 0.02125
0 0.565 0.221875 0.03 0.01875
0 0.575625 0.204375 0.02875 0.01625
0 0.5875 0.18375 0.0225 0.015
0 0.59875 0.165 0.02 0.0125
0 0.6125 0.145625 0.02 0.01375
0 0.6125 0.1275 0.0175 0.0125
0 0.616875 0.113125 0.01875 0.01125
0 0.620625 0.09625 0.02125 0.01
0 0.62 0.081875 0.02 0.01125
0 0.624375 0.069375 0.02125 0.01125
0 0.628125 0.056875 0.01875 0.00875
0 0.633125 0.043125 0.01875 0.01125
0 0.63375 0.029375 0.0225 0.01125
0 0.63875 0.015 0.02 0.0125
