0 0.81125 0.975625 0.0225 0.01125
0 0.7475 0.836875 0.015 0.00875
0 0.665625 0.671875 0.01875 0.01375
0 0.64 0.6225 0.0175 0.0125
0 0.61375 0.565 0.015 0.01
0 0.556875 0.458125 0.01125 0.00875
0 0.54 0.415 0.0125 0.005
0 0.520625 0.375 0.01375 0.0075
0 0.50375 0.331875 0.0125 0.00625
0 0.485 0.29 0.015 0.0075
0 0.470625 0.25375 0.01625 0.0075
0 0.4525 0.2175 0.0425 0.025
0 0.434375 0.186875 0.03125 0.01625
0 0.425625 0.158125 0.03375 0.01875
0 0.414375 0.135 0.02625 0.015
0 0.40875 0.11625 0.025 0.015
0 0.396875 0.089375 0.02875 0.01625
0 0.3725 0.041875 0.025 0.01375
