0 0.34875 0.563125 0.015 0.01125
0 0.319375 0.609375 0.01625 0.00625
0 0.383125 0.628125 0.01375 0.00375
0 0.361875 0.661875 0.01125 0.00875
0 0.4025 0.591875 0.0125 0.00875
0 0.42125 0.5575 0.0125 0.005
0 0.435625 0.525 0.03625 0.02
0 0.451875 0.49625 0.03125 0.02
0 0.466875 0.46875 0.03125 0.02
0 0.48625 0.43875 0.035 0.02
0 0.500625 0.414375 0.03375 0.02125
0 0.51375 0.39 0.03 0.0175
0 0.521875 0.36625 0.02375 0.0175
0 0.55625 0.320625 0.0375 0.02375
0 0.565625 0.298125 0.02875 0.01875
0 0.57625 0.276875 0.03 0.01625
0 0.59 0.260625 0.03 0.01625
0 0.598125 0.2425 0.02375 0.015
