0 0.073125 0.49625 0.01375 0.0175
0 0.155625 0.483125 0.02625 0.02125
0 0.203125 0.455 0.01875 0.0125
0 0.26375 0.43625 0.0175 0.015
0 0.328125 0.40875 0.02125 0.015
0 0.449375 0.356875 0.00875 0.01625
0 0.51375 0.333125 0.0075 0.01625
0 0.5725 0.31125 0.015 0.0125
0 0.638125 0.294375 0.01125 0.01125
0 0.75375 0.2675 0.0125 0.0125
0 0.465625 0.545625 0.01375 0.01875
0 0.525625 0.585625 0.01125 0.01375
0 0.57875 0.62625 0.01 0.0175
0 0.644375 0.660625 0.00875 0.01625
0 0.7075 0.688125 0.015 0.01875
