0 0.909375 0.074375 0.09625 0.05625
0 0.044375 0.4575 0.01625 0.01
0 0.1575 0.466875 0.0175 0.00875
0 0.0975 0.524375 0.015 0.00625
0 0.058125 0.529375 0.00875 0.00875
0 0.181875 0.530625 0.00875 0.01125
0 0.2575 0.4725 0.0125 0.0075
0 0.269375 0.53 0.01125 0.0075
0 0.3675 0.475625 0.02 0.01125
0 0.353125 0.529375 0.01375 0.00625
0 0.440625 0.535625 0.01625 0.01625
0 0.52875 0.533125 0.0225 0.01875
0 0.613125 0.536875 0.01875 0.01375
0 0.4575 0.4725 0.01 0.01
0 0.6975 0.533125 0.015 0.01125
0 0.785 0.53625 0.0175 0.0175
0 0.87125 0.539375 0.0175 0.01625
0 0.951875 0.536875 0.01875 0.01625
