0 0.363125 0.921875 0.04125 0.04125
0 0.389375 0.63375 0.02875 0.03
0 0.388125 0.585 0.03375 0.025
0 0.4025 0.43 0.025 0.0175
0 0.4075 0.393125 0.02 0.01625
0 0.409375 0.350625 0.02875 0.01875
0 0.415 0.31375 0.025 0.0175
0 0.418125 0.275 0.03125 0.0225
0 0.425 0.239375 0.025 0.01875
0 0.430625 0.206875 0.02625 0.01875
0 0.435 0.18 0.0225 0.015
0 0.43875 0.1525 0.025 0.015
0 0.44125 0.1325 0.02 0.0125
0 0.441875 0.1125 0.01875 0.0125
0 0.4425 0.09125 0.015 0.0075
0 0.453125 0.045 0.02125 0.015
0 0.45125 0.0225 0.015 0.01
