0 0.38625 0.7525 0.04 0.0325
0 0.364375 0.624375 0.03625 0.02875
0 0.43375 0.644375 0.035 0.02375
0 0.393125 0.576875 0.03875 0.02625
0 0.451875 0.6025 0.04625 0.0325
0 0.463125 0.57125 0.03375 0.02
0 0.42625 0.544375 0.015 0.00625
0 0.486875 0.54375 0.01125 0.0075
0 0.4425 0.501875 0.0425 0.02625
0 0.4925 0.50875 0.03 0.02
0 0.46 0.46875 0.02 0.0175
0 0.510625 0.48375 0.03625 0.02
0 0.526875 0.454375 0.03625 0.02125
0 0.54125 0.43 0.035 0.0225
0 0.549375 0.405625 0.02875 0.01875
0 0.56125 0.38 0.0375 0.0225
0 0.585 0.336875 0.035 0.02125
0 0.595625 0.315625 0.03625 0.01875
0 0.603125 0.29375 0.02625 0.0125
0 0.615625 0.275 0.02375 0.0125
0 0.620625 0.2575 0.02375 0.015
0 0.630625 0.24 0.02375 0.0125
0 0.636875 0.221875 0.02375 0.01375
0 0.645 0.20375 0.02 0.0125
0 0.643125 0.186875 0.02125 0.01125
0 0.64625 0.15625 0.02 0.01
0 0.646875 0.1425 0.01875 0.01
0 0.645625 0.130625 0.01875 0.00875
0 0.645625 0.119375 0.01875 0.00875
0 0.64875 0.105625 0.0225 0.01125
0 0.64875 0.0925 0.0225 0.01
0 0.64875 0.076875 0.0175 0.00875
0 0.646875 0.06375 0.01875 0.0075
0 0.648125 0.049375 0.01875 0.00875
0 0.64875 0.036875 0.02 0.00875
0 0.155625 0.276875 0.06625 0.03125
