0 0.584375 0.96875 0.02125 0.0175
0 0.496875 0.659375 0.01625 0.01125
0 0.480625 0.605625 0.01375 0.00875
0 0.4625 0.5425 0.03 0.0175
0 0.453125 0.48875 0.02875 0.0225
0 0.428125 0.4325 0.03125 0.0225
0 0.42 0.395625 0.03 0.01875
0 0.40875 0.348125 0.0325 0.02125
0 0.4 0.309375 0.06 0.03625
0 0.39 0.26625 0.06 0.0325
0 0.381875 0.228125 0.05125 0.03125
0 0.375 0.19375 0.05 0.03
0 0.370625 0.16375 0.04375 0.0275
0 0.365 0.134375 0.04 0.02375
0 0.35875 0.111875 0.0375 0.02375
0 0.354375 0.09 0.03625 0.0225
0 0.3475 0.065625 0.0375 0.02125
