0 0.04777777777777778 0.6173044925124792 0.03222222222222222 0.033277870216306155
0 0.09361111111111112 0.5798668885191348 0.028333333333333332 0.028286189683860232
0 0.1375 0.5465890183028286 0.03166666666666667 0.026622296173044926
0 0.17583333333333334 0.5187188019966722 0.029444444444444443 0.024126455906821963
0 0.2086111111111111 0.49292845257903495 0.021666666666666667 0.022462562396006656
0 0.23916666666666667 0.4679700499168053 0.02277777777777778 0.022462562396006656
0 0.2658333333333333 0.4459234608985025 0.02388888888888889 0.02329450915141431
0 0.28944444444444445 0.4226289517470882 0.022222222222222223 0.016638935108153077
0 0.3125 0.40640599001663896 0.02277777777777778 0.01747088186356073
0 0.3377777777777778 0.38976705490848584 0.01888888888888889 0.015806988352745424
0 0.35555555555555557 0.3747920133111481 0.016666666666666666 0.01747088186356073
0 0.42027777777777775 0.6564059900166389 0.026111111111111113 0.03161397670549085
0 0.4261111111111111 0.6148086522462562 0.02666666666666667 0.026622296173044926
0 0.43083333333333335 0.576955074875208 0.029444444444444443 0.029118136439267885
0 0.4330555555555556 0.5295341098169717 0.02388888888888889 0.024126455906821963
0 0.43333333333333335 0.4987520798668885 0.021111111111111112 0.01913477537437604
0 0.43666666666666665 0.47254575707154745 0.016666666666666666 0.014975041597337771
0 0.4444444444444444 0.44550748752079866 0.01888888888888889 0.015806988352745424
0 0.4538888888888889 0.41846921797004993 0.02 0.016638935108153077
0 0.45805555555555555 0.39475873544093176 0.020555555555555556 0.015806988352745424
0 0.45666666666666667 0.37895174708818635 0.01888888888888889 0.014143094841930116
0 0.45666666666666667 0.3610648918469218 0.016666666666666666 0.013311148086522463
0 0.45611111111111113 0.3440099833610649 0.017777777777777778 0.014143094841930116
0 0.4575 0.3290349417637271 0.019444444444444445 0.012479201331114808
