0 0.7491666666666666 0.6733333333333333 0.015 0.02
0 0.6875 0.64125 0.01611111111111111 0.024166666666666666
0 0.6302777777777778 0.61125 0.012777777777777779 0.015833333333333335
0 0.5566666666666666 0.5670833333333334 0.04 0.05416666666666667
0 0.505 0.5358333333333334 0.035555555555555556 0.04833333333333333
0 0.35333333333333333 0.45458333333333334 0.043333333333333335 0.0425
0 0.2991666666666667 0.4295833333333333 0.035 0.035833333333333335
0 0.25333333333333335 0.40375 0.034444444444444444 0.030833333333333334
0 0.2013888888888889 0.3775 0.030555555555555555 0.03333333333333333
0 0.16083333333333333 0.3516666666666667 0.02277777777777778 0.021666666666666667
0 0.0325 0.29541666666666666 0.025 0.0375
