0 0.5836106489184693 0.9436111111111111 0.029118136439267885 0.01611111111111111
0 0.5877703826955075 0.8761111111111111 0.03577371048252912 0.017777777777777778
0 0.5811148086522463 0.8055555555555556 0.02745424292845258 0.013333333333333334
0 0.5823627287853578 0.7486111111111111 0.028286189683860232 0.015
0 0.5790349417637272 0.7008333333333333 0.02329450915141431 0.012777777777777779
0 0.5831946755407654 0.6552777777777777 0.02329450915141431 0.010555555555555556
0 0.5869384359400999 0.6127777777777778 0.025790349417637273 0.012222222222222223
0 0.5831946755407654 0.5708333333333333 0.021630615640599003 0.009444444444444445
0 0.579450915141431 0.5333333333333333 0.01913477537437604 0.008888888888888889
0 0.5786189683860233 0.49805555555555553 0.015806988352745424 0.008333333333333333
0 0.5815307820299501 0.4636111111111111 0.014975041597337771 0.007222222222222222
0 0.5707154742096506 0.37472222222222223 0.011647254575707155 0.0038888888888888888
