0 0.9675 0.5580133555926544 0.03611111111111111 0.027545909849749584
0 0.8733333333333333 0.5521702838063439 0.04 0.034223706176961605
0 0.7913888888888889 0.5471619365609349 0.03833333333333333 0.03589315525876461
0 0.7186111111111111 0.5354757929883138 0.030555555555555555 0.02921535893155259
0 0.6458333333333334 0.5292153589315526 0.026111111111111113 0.021702838063439065
0 0.5838888888888889 0.5275459098497496 0.024444444444444446 0.021702838063439065
0 0.5111111111111111 0.5221202003338898 0.023333333333333334 0.019198664440734557
0 0.45361111111111113 0.5162771285475793 0.020555555555555556 0.019198664440734557
0 0.4002777777777778 0.5112687813021702 0.021666666666666667 0.020868113522537562
0 0.35305555555555557 0.5087646076794657 0.021666666666666667 0.019198664440734557
0 0.31416666666666665 0.5020868113522537 0.017222222222222222 0.015859766277128547
