0 0.9855555555555555 0.23536789297658864 0.013333333333333334 0.010869565217391304
0 0.9716666666666667 0.2504180602006689 0.013333333333333334 0.010869565217391304
0 0.9605555555555556 0.26421404682274247 0.013333333333333334 0.015050167224080268
0 0.9477777777777778 0.27801003344481606 0.013333333333333334 0.014214046822742474
0 0.8708333333333333 0.3269230769230769 0.011666666666666667 0.011705685618729096
0 0.8508333333333333 0.33361204013377926 0.012777777777777779 0.013377926421404682
0 0.8261111111111111 0.33821070234113715 0.012222222222222223 0.01254180602006689
0 0.8041666666666667 0.34698996655518394 0.013888888888888888 0.011705685618729096
0 0.7830555555555555 0.35744147157190637 0.015 0.01588628762541806
0 0.7602777777777778 0.36622073578595316 0.015 0.015050167224080268
0 0.7372222222222222 0.3712374581939799 0.016666666666666666 0.015050167224080268
0 0.7102777777777778 0.3766722408026756 0.01611111111111111 0.01588628762541806
0 0.6813888888888889 0.3862876254180602 0.012777777777777779 0.013377926421404682
0 0.6538888888888889 0.39381270903010035 0.014444444444444444 0.015050167224080268
0 0.6247222222222222 0.3975752508361204 0.013888888888888888 0.01254180602006689
0 0.5863888888888888 0.3988294314381271 0.015 0.011705685618729096
0 0.3883333333333333 0.40551839464882944 0.01888888888888889 0.013377926421404682
0 0.3475 0.39255852842809363 0.01611111111111111 0.01588628762541806
0 0.32055555555555554 0.5033444816053512 0.016666666666666666 0.015050167224080268
0 0.2966666666666667 0.5363712374581939 0.015555555555555555 0.017558528428093644
0 0.2677777777777778 0.572324414715719 0.017777777777777778 0.01588628762541806
0 0.24027777777777778 0.6028428093645485 0.019444444444444445 0.020066889632107024
0 0.2086111111111111 0.6350334448160535 0.018333333333333333 0.019230769230769232
0 0.17694444444444443 0.6622073578595318 0.017222222222222222 0.020066889632107024
