0 0.10916666666666666 0.8472454090150251 0.015 0.02003338898163606
0 0.1238888888888889 0.7992487479131887 0.017777777777777778 0.022537562604340568
0 0.13416666666666666 0.7462437395659433 0.01611111111111111 0.02337228714524207
0 0.1475 0.6949081803005008 0.018333333333333333 0.02587646076794658
0 0.15555555555555556 0.6535893155258765 0.016666666666666666 0.02337228714524207
0 0.1688888888888889 0.6160267111853088 0.014444444444444444 0.02003338898163606
0 0.185 0.5809682804674458 0.011111111111111112 0.015025041736227046
0 0.20027777777777778 0.5513355592654424 0.010555555555555556 0.015859766277128547
0 0.21388888888888888 0.5212854757929883 0.012222222222222223 0.015859766277128547
0 0.2375 0.47370617696160267 0.011666666666666667 0.012520868113522538
0 0.24722222222222223 0.4515859766277129 0.011111111111111112 0.01335559265442404
0 0.25583333333333336 0.43280467445742904 0.011666666666666667 0.014190317195325543
0 0.2586111111111111 0.412771285475793 0.012777777777777779 0.012520868113522538
0 0.2638888888888889 0.3893989983305509 0.011111111111111112 0.012520868113522538
0 0.2675 0.3727045075125209 0.012777777777777779 0.009181969949916527
0 0.27305555555555555 0.35767946577629384 0.010555555555555556 0.010851419031719533
0 0.27694444444444444 0.3434891485809683 0.008333333333333333 0.007512520868113523
0 0.2802777777777778 0.3297161936560935 0.010555555555555556 0.008347245409015025
0 0.2838888888888889 0.31636060100166946 0.01 0.008347245409015025
0 0.2891666666666667 0.3046744574290484 0.008333333333333333 0.00667779632721202
0 0.33055555555555555 0.24373956594323873 0.01 0.00667779632721202
0 0.29444444444444445 0.27545909849749584 0.012222222222222223 0.008347245409015025
0 0.3447222222222222 0.24791318864774625 0.010555555555555556 0.011686143572621035
0 0.3586111111111111 0.2508347245409015 0.008333333333333333 0.009181969949916527
0 0.4197222222222222 0.2696160267111853 0.010555555555555556 0.01001669449081803
0 0.43555555555555553 0.2742070116861436 0.011111111111111112 0.012520868113522538
0 0.45416666666666666 0.28130217028380633 0.010555555555555556 0.008347245409015025
0 0.47 0.2863105175292154 0.008888888888888889 0.008347245409015025
0 0.4872222222222222 0.2925709515859766 0.011111111111111112 0.009181969949916527
0 0.505 0.29799666110183637 0.01 0.008347245409015025
0 0.5241666666666667 0.30592654424040067 0.010555555555555556 0.010851419031719533
0 0.5430555555555555 0.31010016694490816 0.011666666666666667 0.009181969949916527
0 0.5608333333333333 0.3142737896494157 0.010555555555555556 0.010851419031719533
0 0.5811111111111111 0.32136894824707846 0.011111111111111112 0.01001669449081803
0 0.6030555555555556 0.33013355592654425 0.011666666666666667 0.010851419031719533
0 0.6208333333333333 0.33597662771285475 0.010555555555555556 0.009181969949916527
0 0.6394444444444445 0.3434891485809683 0.008888888888888889 0.007512520868113523
0 0.6586111111111111 0.3526711185308848 0.010555555555555556 0.009181969949916527
0 0.7180555555555556 0.3693656093489149 0.010555555555555556 0.009181969949916527
0 0.7419444444444444 0.3743739565943239 0.011666666666666667 0.009181969949916527
0 0.7647222222222222 0.3772954924874791 0.012777777777777779 0.01001669449081803
0 0.7872222222222223 0.3827212020033389 0.011111111111111112 0.010851419031719533
0 0.8094444444444444 0.38981636060100167 0.008888888888888889 0.01001669449081803
0 0.8313888888888888 0.39565943238731216 0.009444444444444445 0.01001669449081803
0 0.8519444444444444 0.40108514190317196 0.011666666666666667 0.009181969949916527
