2 0.2930812757201646 0.41396604938271603 0.03523662551440329 0.04243827160493827
2 0.5177469135802469 0.5048225308641975 0.045781893004115226 0.04976851851851852
2 0.42142489711934156 0.4695216049382716 0.03575102880658436 0.041666666666666664
2 0.37718621399176955 0.5841049382716049 0.03986625514403292 0.04398148148148148
2 0.6345164609053497 0.45177469135802467 0.0787037037037037 0.07098765432098765
2 0.7040895061728395 0.4494598765432099 0.03215020576131687 0.04089506172839506
2 0.753343621399177 0.3784722222222222 0.030864197530864196 0.04861111111111111
2 0.7303240740740741 0.41473765432098764 0.03729423868312757 0.05324074074074074
2 0.7802211934156379 0.4729938271604938 0.04243827160493827 0.05478395061728395
2 0.7939814814814815 0.6194058641975309 0.05246913580246913 0.09452160493827161
2 0.9063786008230452 0.6371527777777778 0.05452674897119342 0.07291666666666667
2 0.8481224279835391 0.6483410493827161 0.03986625514403292 0.05439814814814815
2 0.4287551440329218 0.6363811728395061 0.03446502057613169 0.04976851851851852
2 0.5069444444444444 0.6643518518518519 0.030349794238683128 0.04861111111111111
2 0.6287294238683128 0.6037808641975309 0.04603909465020576 0.07407407407407407
2 0.6439043209876543 0.6876929012345679 0.04295267489711934 0.05594135802469136
2 0.7344393004115226 0.6359953703703703 0.03523662551440329 0.061342592592592594
2 0.3939043209876543 0.6994598765432098 0.03935185185185185 0.043209876543209874
2 0.37808641975308643 0.8312114197530864 0.0360082304526749 0.055169753086419755
2 0.5783179012345679 0.7608024691358025 0.030606995884773662 0.05324074074074074
