2 0.5357380319148937 0.0505 0.05485372340425532 0.059
2 0.5636635638297872 0.21725 0.0269281914893617 0.0315
2 0.5566821808510638 0.33575 0.06017287234042553 0.0675
2 0.6067154255319149 0.4945 0.08710106382978723 0.112
2 0.36552526595744683 0.4425 0.2789228723404255 0.108
2 0.6279920212765957 0.886 0.04720744680851064 0.065
2 0.46243351063829785 0.88525 0.059175531914893616 0.0595
2 0.4330119680851064 0.68475 0.026263297872340427 0.0575
2 0.902094414893617 0.89425 0.01961436170212766 0.0265
2 0.653091755319149 0.68825 0.03889627659574468 0.0415
2 0.714594414893617 0.357 0.030252659574468085 0.048
2 0.24867021276595744 0.67075 0.08045212765957446 0.0865
2 0.29637632978723405 0.12075 0.02892287234042553 0.0355
2 0.09657579787234043 0.178 0.03357712765957447 0.042
2 0.9434840425531915 0.64925 0.03324468085106383 0.0325
2 0.8113364361702128 0.6635 0.04886968085106383 0.048
