0 0.38625 0.9355555555555556 0.045 0.06222222222222222
0 0.343125 0.8677777777777778 0.03875 0.04666666666666667
0 0.31375 0.8233333333333334 0.035 0.051111111111111114
0 0.288125 0.8011111111111111 0.03125 0.042222222222222223
0 0.259375 0.7655555555555555 0.03625 0.042222222222222223
0 0.26625 0.7011111111111111 0.0325 0.042222222222222223
0 0.246875 0.6677777777777778 0.03625 0.03777777777777778
0 0.21875 0.6222222222222222 0.035 0.03111111111111111
0 0.19375 0.5955555555555555 0.03 0.02666666666666667
0 0.171875 0.5644444444444444 0.03375 0.02666666666666667
0 0.15625 0.54 0.035 0.022222222222222223
0 0.140625 0.5177777777777778 0.02875 0.022222222222222223
0 0.128125 0.49666666666666665 0.02625 0.02
0 0.12 0.4766666666666667 0.0225 0.015555555555555555
0 0.110625 0.4622222222222222 0.02625 0.013333333333333334
0 0.1 0.45 0.025 0.011111111111111112
0 0.06625 0.4388888888888889 0.0275 0.015555555555555555
0 0.05375 0.4288888888888889 0.025 0.013333333333333334
0 0.56 0.8688888888888889 0.0375 0.04
0 0.508125 0.8011111111111111 0.04125 0.051111111111111114
0 0.46625 0.7455555555555555 0.03 0.028888888888888888
0 0.4325 0.7011111111111111 0.0275 0.03333333333333333
0 0.394375 0.6644444444444444 0.02875 0.02666666666666667
0 0.36375 0.64 0.025 0.02666666666666667
0 0.33625 0.6111111111111112 0.025 0.017777777777777778
0 0.3125 0.5866666666666667 0.02 0.022222222222222223
0 0.293125 0.5688888888888889 0.02125 0.017777777777777778
0 0.274375 0.5466666666666666 0.01875 0.017777777777777778
0 0.25625 0.5311111111111111 0.025 0.013333333333333334
0 0.245 0.5133333333333333 0.02 0.017777777777777778
0 0.229375 0.4955555555555556 0.02125 0.013333333333333334
0 0.219375 0.48333333333333334 0.02125 0.015555555555555555
0 0.210625 0.4688888888888889 0.02125 0.013333333333333334
0 0.19625 0.45666666666666667 0.0175 0.011111111111111112
0 0.27375 0.8966666666666666 0.0475 0.06444444444444444
0 0.2375 0.8422222222222222 0.04 0.044444444444444446
0 0.166875 0.6311111111111111 0.02125 0.017777777777777778
0 0.155 0.61 0.025 0.015555555555555555
0 0.149375 0.5888888888888889 0.02625 0.013333333333333334
0 0.134375 0.5733333333333334 0.02375 0.013333333333333334
0 0.768125 0.8388888888888889 0.03375 0.04666666666666667
0 0.713125 0.7755555555555556 0.03625 0.04888888888888889
0 0.67 0.7266666666666667 0.035 0.044444444444444446
0 0.62625 0.6911111111111111 0.0325 0.03111111111111111
0 0.59 0.6544444444444445 0.0275 0.028888888888888888
0 0.554375 0.6322222222222222 0.02875 0.028888888888888888
0 0.528125 0.6033333333333334 0.02875 0.03333333333333333
0 0.5 0.5844444444444444 0.0225 0.022222222222222223
0 0.475625 0.5644444444444444 0.02125 0.022222222222222223
0 0.45375 0.5466666666666666 0.0175 0.017777777777777778
0 0.43 0.5333333333333333 0.0175 0.017777777777777778
0 0.4125 0.5177777777777778 0.0175 0.017777777777777778
0 0.39625 0.5033333333333333 0.0175 0.015555555555555555
0 0.379375 0.49 0.01875 0.011111111111111112
0 0.36375 0.4811111111111111 0.015 0.011111111111111112
0 0.35 0.4688888888888889 0.0225 0.013333333333333334
0 0.339375 0.4588888888888889 0.02125 0.011111111111111112
0 0.9175 0.7611111111111111 0.0425 0.03777777777777778
0 0.855 0.7188888888888889 0.0425 0.042222222222222223
0 0.8025 0.6788888888888889 0.0325 0.03777777777777778
0 0.749375 0.6444444444444445 0.03625 0.03111111111111111
0 0.70625 0.6133333333333333 0.03 0.02666666666666667
0 0.673125 0.5877777777777777 0.02375 0.024444444444444446
0 0.64875 0.5666666666666667 0.0225 0.022222222222222223
0 0.618125 0.5444444444444444 0.02125 0.017777777777777778
0 0.594375 0.53 0.02125 0.02
0 0.570625 0.5111111111111111 0.01375 0.013333333333333334
0 0.5475 0.49666666666666665 0.0175 0.015555555555555555
0 0.52875 0.48333333333333334 0.0175 0.015555555555555555
0 0.51125 0.47333333333333333 0.015 0.013333333333333334
0 0.495 0.4633333333333333 0.0175 0.011111111111111112
0 0.83875 0.9177777777777778 0.05 0.07555555555555556
