0 0.16387959866220736 0.9672619047619048 0.013377926421404682 0.017857142857142856
0 0.15384615384615385 0.7053571428571429 0.013377926421404682 0.017857142857142856
0 0.2959866220735786 0.8571428571428571 0.016722408026755852 0.011904761904761904
0 0.2625418060200669 0.6428571428571429 0.010033444816053512 0.011904761904761904
0 0.36622073578595316 0.5982142857142857 0.010033444816053512 0.017857142857142856
0 0.42642140468227424 0.7946428571428571 0.0033444816053511705 0.02976190476190476
0 0.5501672240802675 0.7886904761904762 0.0033444816053511705 0.017857142857142856
0 0.46488294314381273 0.5922619047619048 0.006688963210702341 0.005952380952380952
0 0.580267558528428 0.5922619047619048 0.010033444816053512 0.005952380952380952
0 0.6404682274247492 0.7886904761904762 0.010033444816053512 0.017857142857142856
0 0.754180602006689 0.7886904761904762 0.010033444816053512 0.017857142857142856
0 0.7491638795986622 0.7291666666666666 0.006688963210702341 0.017857142857142856
0 0.6588628762541806 0.5654761904761905 0.006688963210702341 0.011904761904761904
0 0.580267558528428 0.4851190476190476 0.010033444816053512 0.017857142857142856
0 0.5334448160535117 0.4226190476190476 0.010033444816053512 0.011904761904761904
0 0.8846153846153846 0.7619047619047619 0.010033444816053512 0.011904761904761904
0 0.48327759197324416 0.35714285714285715 0.023411371237458192 0.023809523809523808
0 0.4397993311036789 0.31547619047619047 0.023411371237458192 0.023809523809523808
0 0.08862876254180602 0.8392857142857143 0.023411371237458192 0.03571428571428571
0 0.13210702341137123 0.8095238095238095 0.023411371237458192 0.03571428571428571
0 0.16722408026755853 0.7886904761904762 0.026755852842809364 0.041666666666666664
0 0.2040133779264214 0.7619047619047619 0.026755852842809364 0.03571428571428571
0 0.23745819397993312 0.7410714285714286 0.026755852842809364 0.041666666666666664
0 0.27424749163879597 0.7202380952380952 0.033444816053511704 0.07142857142857142
0 0.33612040133779264 0.6845238095238095 0.023411371237458192 0.03571428571428571
0 0.3879598662207358 0.6696428571428571 0.033444816053511704 0.041666666666666664
0 0.46488294314381273 0.6726190476190477 0.026755852842809364 0.047619047619047616
0 0.5100334448160535 0.6696428571428571 0.016722408026755852 0.041666666666666664
0 0.5367892976588629 0.6726190476190477 0.016722408026755852 0.03571428571428571
0 0.5886287625418061 0.6994047619047619 0.020066889632107024 0.041666666666666664
0 0.6237458193979933 0.6994047619047619 0.023411371237458192 0.041666666666666664
0 0.6622073578595318 0.7053571428571429 0.026755852842809364 0.041666666666666664
0 0.9230769230769231 0.6636904761904762 0.033444816053511704 0.041666666666666664
0 0.8963210702341137 0.6011904761904762 0.033444816053511704 0.03571428571428571
0 0.8712374581939799 0.5595238095238095 0.030100334448160536 0.023809523809523808
0 0.8444816053511706 0.5 0.030100334448160536 0.03571428571428571
0 0.862876254180602 0.6369047619047619 0.020066889632107024 0.03571428571428571
0 0.8411371237458194 0.5982142857142857 0.023411371237458192 0.041666666666666664
0 0.8260869565217391 0.5565476190476191 0.020066889632107024 0.02976190476190476
