0 0.2880859375 0.9381510416666666 0.076171875 0.04296875
0 0.26904296875 0.9049479166666666 0.0712890625 0.033854166666666664
0 0.26220703125 0.87890625 0.0673828125 0.026041666666666668
0 0.24951171875 0.84765625 0.0576171875 0.0234375
0 0.2373046875 0.8092447916666666 0.0546875 0.024739583333333332
0 0.2314453125 0.7858072916666666 0.044921875 0.01953125
0 0.21044921875 0.7591145833333334 0.0419921875 0.018229166666666668
0 0.20068359375 0.740234375 0.0361328125 0.014322916666666666
0 0.18896484375 0.7272135416666666 0.0322265625 0.016927083333333332
0 0.18115234375 0.708984375 0.0302734375 0.016927083333333332
0 0.166015625 0.689453125 0.03515625 0.016927083333333332
0 0.16455078125 0.6770833333333334 0.0341796875 0.0078125
0 0.67431640625 0.96875 0.0771484375 0.0390625
0 0.6416015625 0.9134114583333334 0.060546875 0.037760416666666664
0 0.623046875 0.873046875 0.052734375 0.032552083333333336
0 0.591796875 0.8333333333333334 0.044921875 0.026041666666666668
0 0.56591796875 0.8079427083333334 0.0498046875 0.024739583333333332
0 0.5419921875 0.7760416666666666 0.03515625 0.0234375
0 0.529296875 0.7526041666666666 0.0390625 0.018229166666666668
0 0.1630859375 0.6640625 0.03515625 0.010416666666666666
0 0.15673828125 0.6529947916666666 0.0400390625 0.01171875
0 0.15185546875 0.6393229166666666 0.0419921875 0.013020833333333334
0 0.1533203125 0.6236979166666666 0.037109375 0.013020833333333334
0 0.15087890625 0.6080729166666666 0.0341796875 0.010416666666666666
0 0.14306640625 0.5944010416666666 0.0322265625 0.01171875
0 0.5087890625 0.7369791666666666 0.0390625 0.015625
0 0.49072265625 0.7141927083333334 0.0458984375 0.022135416666666668
0 0.4560546875 0.6848958333333334 0.05078125 0.0234375
0 0.4228515625 0.6634114583333334 0.0390625 0.01953125
0 0.39599609375 0.638671875 0.0458984375 0.024739583333333332
0 0.38232421875 0.62109375 0.0478515625 0.018229166666666668
0 0.359375 0.60546875 0.037109375 0.018229166666666668
0 0.3544921875 0.58984375 0.041015625 0.015625
0 0.34619140625 0.5748697916666666 0.0400390625 0.014322916666666666
0 0.337890625 0.5598958333333334 0.033203125 0.015625
0 0.33154296875 0.546875 0.0419921875 0.013020833333333334
0 0.7939453125 0.7552083333333334 0.0390625 0.020833333333333332
0 0.74755859375 0.732421875 0.0361328125 0.016927083333333332
0 0.70947265625 0.71484375 0.0283203125 0.013020833333333334
0 0.65380859375 0.677734375 0.0361328125 0.01953125
0 0.619140625 0.6555989583333334 0.02734375 0.01171875
0 0.60205078125 0.640625 0.0322265625 0.015625
0 0.5791015625 0.6184895833333334 0.025390625 0.013020833333333334
0 0.560546875 0.6048177083333334 0.021484375 0.01171875
0 0.548828125 0.5930989583333334 0.025390625 0.01171875
0 0.533203125 0.580078125 0.021484375 0.01171875
0 0.51806640625 0.5677083333333334 0.0244140625 0.010416666666666666
0 0.5 0.5546875 0.021484375 0.010416666666666666
0 0.47900390625 0.5436197916666666 0.0244140625 0.009114583333333334
0 0.46826171875 0.5319010416666666 0.0224609375 0.01171875
0 0.95703125 0.640625 0.037109375 0.020833333333333332
0 0.90771484375 0.6139322916666666 0.0361328125 0.01953125
0 0.85986328125 0.5924479166666666 0.0419921875 0.020833333333333332
0 0.8203125 0.5716145833333334 0.041015625 0.018229166666666668
0 0.77978515625 0.552734375 0.0283203125 0.01171875
0 0.74755859375 0.5377604166666666 0.0224609375 0.013020833333333334
0 0.720703125 0.525390625 0.021484375 0.009114583333333334
0 0.69677734375 0.5123697916666666 0.0224609375 0.01171875
0 0.6767578125 0.5013020833333334 0.033203125 0.013020833333333334
0 0.6572265625 0.4895833333333333 0.029296875 0.010416666666666666
