0 0.02197265625 0.1217201166180758 0.0146484375 0.016034985422740525
0 0.0400390625 0.13556851311953352 0.013671875 0.02040816326530612
0 0.0595703125 0.152332361516035 0.017578125 0.018950437317784258
0 0.07666015625 0.16909620991253643 0.0185546875 0.02040816326530612
0 0.0947265625 0.1836734693877551 0.017578125 0.02040816326530612
0 0.1123046875 0.19533527696793002 0.015625 0.01749271137026239
0 0.1357421875 0.20699708454810495 0.013671875 0.023323615160349854
0 0.15625 0.22084548104956267 0.017578125 0.021865889212827987
0 0.17578125 0.23760932944606414 0.017578125 0.02040816326530612
0 0.1962890625 0.25072886297376096 0.017578125 0.01749271137026239
0 0.25537109375 0.27332361516034986 0.0224609375 0.030612244897959183
0 0.2783203125 0.2915451895043732 0.013671875 0.014577259475218658
0 0.3037109375 0.2922740524781341 0.017578125 0.02478134110787172
0 0.33349609375 0.2988338192419825 0.0146484375 0.014577259475218658
0 0.36376953125 0.303935860058309 0.0146484375 0.016034985422740525
0 0.3935546875 0.30903790087463556 0.017578125 0.01749271137026239
0 0.42236328125 0.3177842565597668 0.0166015625 0.02040816326530612
0 0.45166015625 0.32653061224489793 0.0146484375 0.01749271137026239
0 0.4697265625 0.33090379008746357 0.01171875 0.014577259475218658
0 0.57373046875 0.35058309037900875 0.0166015625 0.016034985422740525
0 0.6044921875 0.3556851311953353 0.01953125 0.01749271137026239
0 0.63232421875 0.36151603498542273 0.0185546875 0.02040816326530612
0 0.66259765625 0.36661807580174927 0.0166015625 0.016034985422740525
0 0.69140625 0.37244897959183676 0.01953125 0.021865889212827987
0 0.7216796875 0.37900874635568516 0.01953125 0.023323615160349854
0 0.7529296875 0.38411078717201164 0.017578125 0.018950437317784258
0 0.7841796875 0.39067055393586003 0.017578125 0.01749271137026239
0 0.81201171875 0.3979591836734694 0.0166015625 0.01749271137026239
0 0.84375 0.4030612244897959 0.017578125 0.018950437317784258
0 0.02880859375 0.5911078717201166 0.0205078125 0.021865889212827987
0 0.0673828125 0.5918367346938775 0.021484375 0.026239067055393587
0 0.11376953125 0.5932944606413995 0.0224609375 0.026239067055393587
0 0.15185546875 0.5940233236151603 0.0224609375 0.02478134110787172
0 0.18701171875 0.5947521865889213 0.0302734375 0.029154518950437316
0 0.224609375 0.6005830903790087 0.02734375 0.029154518950437316
0 0.2607421875 0.6005830903790087 0.021484375 0.026239067055393587
0 0.28955078125 0.6064139941690962 0.0185546875 0.023323615160349854
0 0.32568359375 0.6122448979591837 0.0205078125 0.023323615160349854
0 0.35791015625 0.6144314868804664 0.0205078125 0.021865889212827987
0 0.42626953125 0.6158892128279884 0.0224609375 0.02478134110787172
0 0.4580078125 0.6064139941690962 0.01953125 0.023323615160349854
0 0.4892578125 0.5983965014577259 0.015625 0.018950437317784258
0 0.6484375 0.5561224489795918 0.017578125 0.021865889212827987
0 0.67333984375 0.5524781341107872 0.0146484375 0.01749271137026239
0 0.7138671875 0.5364431486880467 0.01953125 0.023323615160349854
0 0.74267578125 0.5255102040816326 0.0166015625 0.018950437317784258
0 0.77001953125 0.5182215743440233 0.0166015625 0.018950437317784258
0 0.802734375 0.5116618075801749 0.017578125 0.02040816326530612
0 0.841796875 0.5087463556851312 0.017578125 0.02040816326530612
0 0.8740234375 0.5043731778425656 0.01953125 0.01749271137026239
0 0.896484375 0.49416909620991256 0.015625 0.01749271137026239
0 0.921875 0.48323615160349853 0.017578125 0.021865889212827987
0 0.9541015625 0.4744897959183674 0.017578125 0.02478134110787172
0 0.52099609375 0.6829446064139941 0.0146484375 0.016034985422740525
0 0.49462890625 0.7201166180758017 0.0146484375 0.01749271137026239
0 0.478515625 0.75 0.017578125 0.018950437317784258
0 0.45068359375 0.7842565597667639 0.0146484375 0.01749271137026239
0 0.43115234375 0.8170553935860059 0.0166015625 0.018950437317784258
0 0.4033203125 0.8600583090379009 0.017578125 0.023323615160349854
0 0.380859375 0.8957725947521866 0.017578125 0.02478134110787172
0 0.3583984375 0.9307580174927114 0.02734375 0.030612244897959183
