0 0.02734375 0.7908333333333334 0.0078125 0.008333333333333333
0 0.05803571428571429 0.7766666666666666 0.011160714285714286 0.01
0 0.08872767857142858 0.7608333333333334 0.0078125 0.011666666666666667
0 0.11830357142857142 0.7675 0.006696428571428571 0.008333333333333333
0 0.11160714285714286 0.79 0.008928571428571428 0.006666666666666667
0 0.03459821428571429 0.86 0.006696428571428571 0.01
0 0.05859375 0.8416666666666667 0.010044642857142858 0.01
0 0.08537946428571429 0.8208333333333333 0.012276785714285714 0.008333333333333333
0 0.12723214285714285 0.8225 0.006696428571428571 0.008333333333333333
0 0.15122767857142858 0.8425 0.0078125 0.008333333333333333
0 0.18247767857142858 0.8383333333333334 0.0078125 0.01
0 0.21261160714285715 0.8408333333333333 0.0078125 0.008333333333333333
0 0.24274553571428573 0.8391666666666666 0.005580357142857143 0.011666666666666667
0 0.19977678571428573 0.8041666666666667 0.008928571428571428 0.008333333333333333
0 0.17131696428571427 0.7958333333333333 0.010044642857142858 0.0016666666666666668
0 0.23046875 0.8058333333333333 0.010044642857142858 0.011666666666666667
0 0.26283482142857145 0.8066666666666666 0.0078125 0.01
0 0.2728794642857143 0.83 0.0078125 0.006666666666666667
0 0.29185267857142855 0.7941666666666667 0.0078125 0.008333333333333333
0 0.3013392857142857 0.8158333333333333 0.006696428571428571 0.008333333333333333
0 0.3236607142857143 0.7825 0.008928571428571428 0.008333333333333333
0 0.32979910714285715 0.8083333333333333 0.005580357142857143 0.006666666666666667
0 0.35379464285714285 0.7733333333333333 0.008928571428571428 0.01
0 0.35825892857142855 0.8008333333333333 0.006696428571428571 0.008333333333333333
0 0.38392857142857145 0.7675 0.006696428571428571 0.011666666666666667
0 0.39620535714285715 0.79 0.006696428571428571 0.01
0 0.41294642857142855 0.7658333333333334 0.006696428571428571 0.011666666666666667
0 0.43191964285714285 0.7833333333333333 0.006696428571428571 0.01
0 0.44698660714285715 0.7533333333333333 0.0078125 0.01
0 0.48158482142857145 0.7433333333333333 0.0078125 0.013333333333333334
0 0.46763392857142855 0.7691666666666667 0.006696428571428571 0.008333333333333333
0 0.5011160714285714 0.7783333333333333 0.006696428571428571 0.01
0 0.5407366071428571 0.7891666666666667 0.0078125 0.011666666666666667
0 0.5714285714285714 0.7991666666666667 0.006696428571428571 0.015
0 0.5970982142857143 0.7825 0.006696428571428571 0.015
0 0.6222098214285714 0.7708333333333334 0.010044642857142858 0.011666666666666667
0 0.6495535714285714 0.7708333333333334 0.008928571428571428 0.011666666666666667
0 0.67578125 0.7858333333333334 0.0078125 0.015
0 0.7036830357142857 0.7958333333333333 0.0078125 0.011666666666666667
0 0.7332589285714286 0.8066666666666666 0.008928571428571428 0.013333333333333334
0 0.6981026785714286 0.7516666666666667 0.0033482142857142855 0.006666666666666667
0 0.7321428571428571 0.7375 0.006696428571428571 0.008333333333333333
0 0.7717633928571429 0.7241666666666666 0.005580357142857143 0.008333333333333333
0 0.8035714285714286 0.7166666666666667 0.006696428571428571 0.01
0 0.8409598214285714 0.7025 0.005580357142857143 0.008333333333333333
0 0.87890625 0.6883333333333334 0.0033482142857142855 0.01
0 0.9190848214285714 0.675 0.005580357142857143 0.01
0 0.9464285714285714 0.6641666666666667 0.004464285714285714 0.008333333333333333
0 0.97265625 0.6516666666666666 0.005580357142857143 0.006666666666666667
0 0.9949776785714286 0.6425 0.0033482142857142855 0.011666666666666667
0 0.7583705357142857 0.8183333333333334 0.0078125 0.013333333333333334
0 0.7879464285714286 0.8308333333333333 0.006696428571428571 0.015
0 0.8203125 0.8483333333333334 0.006696428571428571 0.016666666666666666
0 0.84765625 0.8566666666666667 0.025669642857142856 0.043333333333333335
0 0.8805803571428571 0.875 0.022321428571428572 0.03333333333333333
0 0.9079241071428571 0.8933333333333333 0.021205357142857144 0.023333333333333334
0 0.9034598214285714 0.9141666666666667 0.0234375 0.028333333333333332
0 0.96875 0.9433333333333334 0.029017857142857144 0.04
0 0.9369419642857143 0.92 0.03236607142857143 0.043333333333333335
0 0.6110491071428571 0.9425 0.0078125 0.011666666666666667
0 0.5904017857142857 0.9616666666666667 0.006696428571428571 0.01
0 0.5691964285714286 0.9825 0.006696428571428571 0.011666666666666667
0 0.18526785714285715 0.74 0.026785714285714284 0.03333333333333333
0 0.21372767857142858 0.7183333333333334 0.025669642857142856 0.03666666666666667
0 0.23549107142857142 0.6925 0.020089285714285716 0.03833333333333333
0 0.265625 0.6058333333333333 0.029017857142857144 0.035
0 0.28125 0.58 0.024553571428571428 0.03
0 0.3013392857142857 0.5608333333333333 0.020089285714285716 0.025
0 0.32310267857142855 0.545 0.021205357142857144 0.023333333333333334
0 0.3431919642857143 0.5358333333333334 0.021205357142857144 0.025
0 0.36551339285714285 0.52 0.0234375 0.02666666666666667
0 0.38671875 0.5058333333333334 0.0234375 0.025
0 0.4056919642857143 0.49083333333333334 0.021205357142857144 0.021666666666666667
0 0.43247767857142855 0.48 0.021205357142857144 0.023333333333333334
0 0.4525669642857143 0.46416666666666667 0.021205357142857144 0.021666666666666667
0 0.47154017857142855 0.4525 0.016741071428571428 0.021666666666666667
0 0.49107142857142855 0.44 0.020089285714285716 0.023333333333333334
0 0.5128348214285714 0.43 0.021205357142857144 0.02
0 0.5329241071428571 0.4166666666666667 0.021205357142857144 0.023333333333333334
0 0.5703125 0.3925 0.017857142857142856 0.018333333333333333
0 0.5920758928571429 0.38 0.021205357142857144 0.02
0 0.6121651785714286 0.36833333333333335 0.018973214285714284 0.023333333333333334
0 0.6305803571428571 0.35583333333333333 0.017857142857142856 0.018333333333333333
0 0.6489955357142857 0.3441666666666667 0.016741071428571428 0.018333333333333333
0 0.6668526785714286 0.3358333333333333 0.016741071428571428 0.021666666666666667
0 0.6847098214285714 0.325 0.018973214285714284 0.02
0 0.6981026785714286 0.30666666666666664 0.016741071428571428 0.023333333333333334
0 0.7042410714285714 0.285 0.017857142857142856 0.023333333333333334
0 0.7120535714285714 0.26416666666666666 0.017857142857142856 0.025
0 0.7176339285714286 0.24833333333333332 0.015625 0.02
0 0.7260044642857143 0.23083333333333333 0.016741071428571428 0.021666666666666667
0 0.7366071428571429 0.2175 0.013392857142857142 0.018333333333333333
0 0.7410714285714286 0.19666666666666666 0.011160714285714286 0.013333333333333334
0 0.007254464285714286 0.26 0.005580357142857143 0.006666666666666667
0 0.030133928571428572 0.2525 0.004464285714285714 0.005
0 0.04966517857142857 0.245 0.005580357142857143 0.0033333333333333335
0 0.07198660714285714 0.2425 0.005580357142857143 0.005
0 0.04799107142857143 0.26416666666666666 0.006696428571428571 0.005
0 0.1953125 0.305 0.004464285714285714 0.006666666666666667
0 0.16517857142857142 0.3425 0.004464285714285714 0.005
0 0.13504464285714285 0.38083333333333336 0.004464285714285714 0.005
0 0.10491071428571429 0.41833333333333333 0.004464285714285714 0.0033333333333333335
0 0.08370535714285714 0.4666666666666667 0.008928571428571428 0.006666666666666667
0 0.05189732142857143 0.4558333333333333 0.0078125 0.005
0 0.025111607142857144 0.4791666666666667 0.0078125 0.005
0 0.23828125 0.26166666666666666 0.0033482142857142855 0.006666666666666667
0 0.26785714285714285 0.22416666666666665 0.004464285714285714 0.005
0 0.28794642857142855 0.205 0.004464285714285714 0.0033333333333333335
0 0.31808035714285715 0.18 0.004464285714285714 0.0033333333333333335
0 0.39676339285714285 0.11166666666666666 0.0033482142857142855 0.006666666666666667
0 0.42578125 0.0875 0.005580357142857143 0.005
0 0.45200892857142855 0.06416666666666666 0.004464285714285714 0.005
0 0.4799107142857143 0.043333333333333335 0.004464285714285714 0.0033333333333333335
0 0.08816964285714286 0.24083333333333334 0.004464285714285714 0.005
0 0.11104910714285714 0.235 0.005580357142857143 0.0033333333333333335
0 0.18080357142857142 0.23416666666666666 0.002232142857142857 0.005
0 0.19196428571428573 0.23583333333333334 0.004464285714285714 0.005
0 0.24162946428571427 0.23833333333333334 0.005580357142857143 0.0033333333333333335
0 0.40513392857142855 0.2225 0.004464285714285714 0.005
0 0.40792410714285715 0.23833333333333334 0.005580357142857143 0.0033333333333333335
0 0.42689732142857145 0.2375 0.005580357142857143 0.005
0 0.4252232142857143 0.22 0.004464285714285714 0.0033333333333333335
0 0.60546875 0.17083333333333334 0.0033482142857142855 0.005
0 0.5915178571428571 0.17916666666666667 0.004464285714285714 0.005
0 0.5770089285714286 0.18416666666666667 0.004464285714285714 0.005
0 0.5602678571428571 0.19166666666666668 0.004464285714285714 0.0033333333333333335
0 0.5446428571428571 0.19666666666666666 0.004464285714285714 0.006666666666666667
0 0.5318080357142857 0.2025 0.005580357142857143 0.005
0 0.62109375 0.16416666666666666 0.0033482142857142855 0.008333333333333333
0 0.63671875 0.1575 0.0033482142857142855 0.005
0 0.6501116071428571 0.14666666666666667 0.0033482142857142855 0.0033333333333333335
0 0.6668526785714286 0.13833333333333334 0.0033482142857142855 0.006666666666666667
0 0.6824776785714286 0.1325 0.0033482142857142855 0.005
0 0.84375 0.0325 0.004464285714285714 0.0016666666666666668
0 0.85546875 0.029166666666666667 0.0033482142857142855 0.005
0 0.8666294642857143 0.025 0.0033482142857142855 0.0033333333333333335
0 0.8783482142857143 0.021666666666666667 0.002232142857142857 0.0033333333333333335
0 0.8911830357142857 0.016666666666666666 0.0033482142857142855 0.0033333333333333335
0 0.9045758928571429 0.013333333333333334 0.0033482142857142855 0.0033333333333333335
0 0.4419642857142857 0.21583333333333332 0.013392857142857142 0.011666666666666667
0 0.4447544642857143 0.23583333333333334 0.014508928571428572 0.015
0 0.4642857142857143 0.23083333333333333 0.013392857142857142 0.015
0 0.48158482142857145 0.22666666666666666 0.014508928571428572 0.013333333333333334
0 0.4603794642857143 0.21166666666666667 0.012276785714285714 0.01
0 0.4994419642857143 0.2225 0.012276785714285714 0.011666666666666667
0 0.47935267857142855 0.20916666666666667 0.012276785714285714 0.011666666666666667
0 0.4966517857142857 0.20666666666666667 0.011160714285714286 0.01
0 0.20368303571428573 0.235 0.014508928571428572 0.016666666666666666
0 0.16238839285714285 0.23166666666666666 0.014508928571428572 0.016666666666666666
