0 0.15729585006693442 0.7166666666666667 0.014725568942436412 0.01904761904761905
0 0.26506024096385544 0.65 0.0107095046854083 0.01904761904761905
0 0.3708165997322624 0.6 0.0107095046854083 0.014285714285714285
0 0.46519410977242304 0.5976190476190476 0.009370816599732263 0.014285714285714285
0 0.16532797858099063 0.9666666666666667 0.01740294511378849 0.023809523809523808
0 0.2965194109772423 0.8642857142857143 0.012048192771084338 0.01904761904761905
0 0.4303882195448461 0.794047619047619 0.012048192771084338 0.02142857142857143
0 0.5548862115127176 0.7904761904761904 0.012048192771084338 0.01904761904761905
0 0.6499330655957162 0.7976190476190477 0.014725568942436412 0.014285714285714285
0 0.7583668005354752 0.7916666666666666 0.012048192771084338 0.016666666666666666
0 0.5783132530120482 0.5928571428571429 0.0107095046854083 0.009523809523809525
0 0.21552878179384202 0.7773809523809524 0.0107095046854083 0.02142857142857143
0 0.178714859437751 0.8 0.014725568942436412 0.009523809523809525
0 0.14056224899598393 0.8285714285714286 0.01606425702811245 0.01904761904761905
0 0.10174029451137885 0.861904761904762 0.018741633199464525 0.023809523809523808
0 0.24497991967871485 0.7619047619047619 0.0107095046854083 0.023809523809523808
0 0.4210174029451138 0.6761904761904762 0.006693440428380187 0.014285714285714285
0 0.39558232931726905 0.6880952380952381 0.01740294511378849 0.023809523809523808
0 0.3500669344042838 0.7023809523809523 0.01740294511378849 0.02857142857142857
0 0.4825970548862115 0.6952380952380952 0.01740294511378849 0.03333333333333333
0 0.6305220883534136 0.719047619047619 0.013386880856760375 0.01904761904761905
0 0.5963855421686747 0.7142857142857143 0.012048192771084338 0.01904761904761905
0 0.6700133868808568 0.7261904761904762 0.012048192771084338 0.023809523809523808
0 0.6887550200803213 0.6976190476190476 0.009370816599732263 0.014285714285714285
0 0.7670682730923695 0.638095238095238 0.00535475234270415 0.014285714285714285
0 0.6633199464524766 0.5726190476190476 0.006693440428380187 0.016666666666666666
0 0.5796519410977242 0.4869047619047619 0.03748326639892905 0.04047619047619048
0 0.5334672021419009 0.4238095238095238 0.030789825970548863 0.03333333333333333
0 0.4839357429718876 0.3630952380952381 0.028112449799196786 0.02619047619047619
0 0.4424364123159304 0.319047619047619 0.025435073627844713 0.023809523809523808
0 0.41231593038821956 0.28809523809523807 0.024096385542168676 0.023809523809523808
0 0.3862115127175368 0.25952380952380955 0.022757697456492636 0.023809523809523808
0 0.357429718875502 0.2392857142857143 0.024096385542168676 0.02142857142857143
0 0.3293172690763052 0.21785714285714286 0.018741633199464525 0.02142857142857143
0 0.3139223560910308 0.1976190476190476 0.01740294511378849 0.014285714285714285
0 0.9464524765729585 0.8166666666666667 0.08299866131191433 0.08571428571428572
0 0.8801874163319946 0.7583333333333333 0.03346720214190094 0.04047619047619048
0 0.9571619812583668 0.7464285714285714 0.0321285140562249 0.04047619047619048
0 0.9236947791164659 0.6702380952380952 0.03748326639892905 0.04523809523809524
0 0.8949129852744311 0.6095238095238096 0.028112449799196786 0.03333333333333333
0 0.8728246318607764 0.5595238095238095 0.02677376171352075 0.03333333333333333
0 0.8460508701472557 0.5107142857142857 0.02677376171352075 0.02619047619047619
0 0.8259705488621151 0.47023809523809523 0.02677376171352075 0.030952380952380953
0 0.8052208835341366 0.42738095238095236 0.030789825970548863 0.02619047619047619
0 0.784471218206158 0.39404761904761904 0.029451137884872823 0.02619047619047619
0 0.7275769745649264 0.5059523809523809 0.025435073627844713 0.030952380952380953
0 0.7095046854082999 0.4666666666666667 0.029451137884872823 0.02857142857142857
0 0.6934404283801874 0.42738095238095236 0.029451137884872823 0.030952380952380953
0 0.6813922356091031 0.3892857142857143 0.0214190093708166 0.02619047619047619
0 0.6519410977242303 0.34523809523809523 0.0214190093708166 0.023809523809523808
0 0.6285140562248996 0.30714285714285716 0.022757697456492636 0.023809523809523808
0 0.6137884872824632 0.2714285714285714 0.022757697456492636 0.023809523809523808
0 0.5876840696117804 0.23333333333333334 0.024096385542168676 0.01904761904761905
0 0.5589022757697456 0.19047619047619047 0.025435073627844713 0.01904761904761905
0 0.5301204819277109 0.15714285714285714 0.018741633199464525 0.014285714285714285
0 0.7603748326639893 0.3607142857142857 0.024096385542168676 0.02142857142857143
0 0.7402945113788487 0.3333333333333333 0.024096385542168676 0.01904761904761905
0 0.7208835341365462 0.30952380952380953 0.022757697456492636 0.01904761904761905
0 0.7081659973226239 0.28214285714285714 0.0214190093708166 0.016666666666666666
0 0.7014725568942436 0.2619047619047619 0.0214190093708166 0.01904761904761905
0 0.6961178045515395 0.24285714285714285 0.024096385542168676 0.01904761904761905
