0 0.6617283950617284 0.9773476112026359 0.014814814814814815 0.009060955518945634
0 0.6777777777777778 0.9406919275123559 0.012345679012345678 0.006589785831960461
0 0.7006172839506173 0.9102141680395387 0.011111111111111112 0.006589785831960461
0 0.7160493827160493 0.8859143327841845 0.014814814814814815 0.007413509060955519
0 0.7166666666666667 0.8579077429983526 0.013580246913580247 0.007413509060955519
0 0.7222222222222222 0.8311367380560132 0.012345679012345678 0.004942339373970346
0 0.7358024691358025 0.8064250411861614 0.009876543209876543 0.004942339373970346
0 0.7876543209876543 0.814662273476112 0.014814814814814815 0.008237232289950576
0 0.8055555555555556 0.7891268533772653 0.011111111111111112 0.008237232289950576
0 0.75 0.78665568369028 0.008641975308641974 0.006589785831960461
0 0.7635802469135803 0.7631795716639209 0.011111111111111112 0.004118616144975288
0 0.8154320987654321 0.764827018121911 0.016049382716049384 0.007413509060955519
0 0.7722222222222223 0.7434102141680395 0.008641975308641974 0.005766062602965404
0 0.8240740740740741 0.7421746293245469 0.013580246913580247 0.008237232289950576
0 0.8234567901234567 0.7108731466227347 0.0345679012345679 0.018121911037891267
0 0.828395061728395 0.6948105436573312 0.022222222222222223 0.01070840197693575
0 0.8401234567901235 0.6692751235584844 0.040740740740740744 0.015650741350906095
0 0.8679012345679012 0.657331136738056 0.022222222222222223 0.009884678747940691
0 0.8716049382716049 0.6375617792421746 0.019753086419753086 0.008237232289950576
0 0.858641975308642 0.6112026359143328 0.028395061728395062 0.014827018121911038
0 0.8450617283950618 0.5922570016474464 0.028395061728395062 0.011532125205930808
0 0.8253086419753086 0.5675453047775947 0.03333333333333333 0.011532125205930808
0 0.825925925925926 0.5514827018121911 0.03209876543209877 0.01400329489291598
0 0.8246913580246914 0.5325370675453048 0.024691358024691357 0.009060955518945634
0 0.8179012345679012 0.5123558484349259 0.020987654320987655 0.011532125205930808
0 0.8154320987654321 0.4954695222405272 0.03333333333333333 0.01070840197693575
0 0.8067901234567901 0.4798187808896211 0.043209876543209874 0.012355848434925865
0 0.8092592592592592 0.46499176276771004 0.03333333333333333 0.01070840197693575
0 0.8104938271604938 0.44934102141680393 0.02345679012345679 0.009060955518945634
0 0.8160493827160494 0.4369851729818781 0.022222222222222223 0.007413509060955519
0 0.8141975308641975 0.42257001647446457 0.030864197530864196 0.011532125205930808
0 0.8265432098765432 0.41186161449752884 0.02345679012345679 0.008237232289950576
0 0.8320987654320988 0.4015650741350906 0.024691358024691357 0.007413509060955519
0 0.8462962962962963 0.39168039538714994 0.025925925925925925 0.007413509060955519
0 0.8617283950617284 0.38344316309719934 0.02962962962962963 0.009060955518945634
0 0.8716049382716049 0.3723228995057661 0.02962962962962963 0.009884678747940691
0 0.8858024691358025 0.3649093904448105 0.03333333333333333 0.009884678747940691
0 0.8796296296296297 0.35090609555189456 0.030864197530864196 0.008237232289950576
0 0.8524691358024692 0.335667215815486 0.025925925925925925 0.009060955518945634
0 0.8234567901234567 0.32248764415156506 0.027160493827160494 0.007413509060955519
0 0.7981481481481482 0.30807248764415157 0.025925925925925925 0.008237232289950576
0 0.7716049382716049 0.29365733113673803 0.027160493827160494 0.007413509060955519
0 0.745679012345679 0.2808896210873147 0.019753086419753086 0.008237232289950576
0 0.7228395061728395 0.2677100494233937 0.018518518518518517 0.008237232289950576
0 0.6932098765432099 0.2549423393739704 0.020987654320987655 0.007413509060955519
0 0.6648148148148149 0.24258649093904447 0.020987654320987655 0.007413509060955519
0 0.6425925925925926 0.23105436573311366 0.02345679012345679 0.009060955518945634
0 0.6148148148148148 0.21869851729818782 0.01728395061728395 0.005766062602965404
0 0.5901234567901235 0.20757825370675453 0.01728395061728395 0.006589785831960461
0 0.5697530864197531 0.19645799011532125 0.020987654320987655 0.007413509060955519
0 0.5444444444444444 0.18533772652388797 0.019753086419753086 0.006589785831960461
0 0.5234567901234568 0.17462932454695224 0.01728395061728395 0.004942339373970346
0 0.5006172839506173 0.164332784184514 0.020987654320987655 0.005766062602965404
0 0.47901234567901235 0.15321252059308071 0.01728395061728395 0.006589785831960461
0 0.46111111111111114 0.14250411861614498 0.016049382716049384 0.006589785831960461
0 0.4425925925925926 0.13385502471169686 0.018518518518518517 0.005766062602965404
0 0.4222222222222222 0.12355848434925865 0.019753086419753086 0.006589785831960461
0 0.404320987654321 0.11449752883031301 0.020987654320987655 0.006589785831960461
0 0.38765432098765434 0.10420098846787479 0.019753086419753086 0.005766062602965404
0 0.3765432098765432 0.09637561779242175 0.014814814814814815 0.0032948929159802307
